Namespace(device=device(type='cuda', index=2), data='custom', root_path='./dataset/', data_path='river_flow/river_flow.csv', embed='timeF', freq='h', features='M', used_dimension=0, symbolic_lib='NEMoTS', max_len=20, max_module_init=10, num_transplant=2, num_runs=5, eta=1, num_aug=1, exploration_rate=0.7071067811865475, transplant_step=1000, norm_threshold=1e-05, seed=52, round=10, epoch=50, seq_in=72, seq_out=0, target='OT', batch_size=1, lr=0.0001, dropout=0.05, weight_decay=0.0001, clip=5.0, lr_decay=1, train_size=64, recording=True, tag='river_flow_72')
0.995*sqrt(exp(1.5312*sin(0.1449*x)))*sin(0.00619999999999998*x)
[0.01431492 0.         0.0593047  0.0593047  0.07361962 0.12678936
 0.12678936 0.14314926 0.14314926 0.12678936 0.10633946 0.12678936
 0.12678936 0.12678936 0.10633946 0.09202453 0.14314926 0.14314926
 0.1615542  0.1615542  0.12678936 0.10838446 0.10838446 0.10838446
 0.12678936 0.12678936 0.10838446 0.10838446 0.07361962 0.07361962
 0.07361962 0.14928426 0.14928426 0.14928426 0.19018404 0.2576687
 0.2576687  0.2576687  0.2576687  0.23312885 0.23312885 0.23312885
 0.2576687  0.2576687  0.46830267 0.46830267 0.46830267 0.3865031
 0.33128834 0.33128834 0.33128834 0.33128834 0.33128834 0.93660527
 1.         0.93660527 0.86707568 0.51942742 0.51942742 0.83844578
 0.83844578 0.51942742 0.57873207 0.46216771 0.30061349 0.27402863
 0.25357872 0.23108384 0.21063395 0.19018404 0.19018404 0.23108384]
Iter: 000, Time: 783.6724 sec, Train Loss: 6732.7965, Train MAE: 4.1132, Train MSE: 31.7679, Train R2: 0.7508, Train CORR: 0.8685, Train R2 Pred: 0.8685, Train CORR Pred: 0.7508
----------------------------------------
-0.0151*x*sin(0.08233004*x) + 0.0581*sin(0.74388375*x) + 0.4301*sin(12.6320508*x)
[0.         0.0593047  0.0593047  0.07361962 0.12678936 0.12678936
 0.14314926 0.14314926 0.12678936 0.10633946 0.12678936 0.12678936
 0.12678936 0.10633946 0.09202453 0.14314926 0.14314926 0.1615542
 0.1615542  0.12678936 0.10838446 0.10838446 0.10838446 0.12678936
 0.12678936 0.10838446 0.10838446 0.07361962 0.07361962 0.07361962
 0.14928426 0.14928426 0.14928426 0.19018404 0.2576687  0.2576687
 0.2576687  0.2576687  0.23312885 0.23312885 0.23312885 0.2576687
 0.2576687  0.46830267 0.46830267 0.46830267 0.3865031  0.33128834
 0.33128834 0.33128834 0.33128834 0.33128834 0.93660527 1.
 0.93660527 0.86707568 0.51942742 0.51942742 0.83844578 0.83844578
 0.51942742 0.57873207 0.46216771 0.30061349 0.27402863 0.25357872
 0.23108384 0.21063395 0.19018404 0.19018404 0.23108384 0.27402863]
Iter: 001, Time: 1005.0629 sec, Train Loss: 6697.5731, Train MAE: 4.0129, Train MSE: 31.2271, Train R2: 0.7507, Train CORR: 0.8665, Train R2 Pred: 0.8665, Train CORR Pred: 0.7507
----------------------------------------
0.2218*exp(0.3744*sin(0.1389*x)) + 0.099*sin(5.9659*x) + 0.2595*sin(6.1921*x)
[0.         0.         0.01521739 0.07173914 0.07173914 0.08913042
 0.08913042 0.07173914 0.05       0.07173914 0.07173914 0.07173914
 0.05       0.03478262 0.08913042 0.08913042 0.10869567 0.10869567
 0.07173914 0.05217392 0.05217392 0.05217392 0.07173914 0.07173914
 0.05217392 0.05217392 0.01521739 0.01521739 0.01521739 0.09565219
 0.09565219 0.09565219 0.13913044 0.21086957 0.21086957 0.21086957
 0.21086957 0.18478262 0.18478262 0.18478262 0.21086957 0.21086957
 0.43478259 0.43478259 0.43478259 0.34782609 0.28913045 0.28913045
 0.28913045 0.28913045 0.28913045 0.93260866 1.         0.93260866
 0.85869563 0.48913044 0.48913044 0.82826084 0.82826084 0.48913044
 0.55217385 0.42826089 0.25652173 0.22826089 0.20652176 0.18260871
 0.16086958 0.13913044 0.13913044 0.18260871 0.22826089 0.44782606]
Iter: 002, Time: 715.5112 sec, Train Loss: 6520.1763, Train MAE: 4.5795, Train MSE: 35.1070, Train R2: 0.7170, Train CORR: 0.8468, Train R2 Pred: 0.8468, Train CORR Pred: 0.7170
----------------------------------------
0.20245317*exp(-1.1694*sin(0.0662*x))*exp(sin(2.3904*sin(6.1762*x)))
[0.         0.01521739 0.07173914 0.07173914 0.08913042 0.08913042
 0.07173914 0.05       0.07173914 0.07173914 0.07173914 0.05
 0.03478262 0.08913042 0.08913042 0.10869567 0.10869567 0.07173914
 0.05217392 0.05217392 0.05217392 0.07173914 0.07173914 0.05217392
 0.05217392 0.01521739 0.01521739 0.01521739 0.09565219 0.09565219
 0.09565219 0.13913044 0.21086957 0.21086957 0.21086957 0.21086957
 0.18478262 0.18478262 0.18478262 0.21086957 0.21086957 0.43478259
 0.43478259 0.43478259 0.34782609 0.28913045 0.28913045 0.28913045
 0.28913045 0.28913045 0.93260866 1.         0.93260866 0.85869563
 0.48913044 0.48913044 0.82826084 0.82826084 0.48913044 0.55217385
 0.42826089 0.25652173 0.22826089 0.20652176 0.18260871 0.16086958
 0.13913044 0.13913044 0.18260871 0.22826089 0.44782606 0.45869562]
Iter: 003, Time: 1307.7103 sec, Train Loss: 6257.9277, Train MAE: 3.6392, Train MSE: 26.2047, Train R2: 0.7883, Train CORR: 0.8887, Train R2 Pred: 0.8887, Train CORR Pred: 0.7883
----------------------------------------
1.0034*x*cos(1.8301*cos(cos(1)))/cos(1.7246*cos(cos(cos(0.0616*x))))
[0.         0.05739515 0.05739515 0.07505517 0.07505517 0.05739515
 0.0353201  0.05739515 0.05739515 0.05739515 0.0353201  0.01986756
 0.07505517 0.07505517 0.09492276 0.09492276 0.05739515 0.03752761
 0.03752761 0.03752761 0.05739515 0.05739515 0.03752761 0.03752761
 0.         0.         0.         0.08167771 0.08167771 0.08167771
 0.12582782 0.19867548 0.19867548 0.19867548 0.19867548 0.17218545
 0.17218545 0.17218545 0.19867548 0.19867548 0.42604855 0.42604855
 0.42604855 0.33774835 0.27814567 0.27814567 0.27814567 0.27814567
 0.27814567 0.93156719 1.         0.93156719 0.85651213 0.48123619
 0.48123619 0.82560706 0.82560706 0.48123619 0.54525381 0.41942605
 0.2450331  0.21633555 0.19426049 0.16997793 0.14790288 0.12582782
 0.12582782 0.16997793 0.21633555 0.43929356 0.45033109 0.49448121]
Iter: 004, Time: 729.1538 sec, Train Loss: 6028.9821, Train MAE: 4.1272, Train MSE: 33.9514, Train R2: 0.7260, Train CORR: 0.8557, Train R2 Pred: 0.8557, Train CORR Pred: 0.7260
----------------------------------------
0.80052128*exp(-cos(1.670655*cos(1.9458*cos(0.0923*x))))*cos(1.6091*cos(0.0266*x))
[0.05739515 0.05739515 0.07505517 0.07505517 0.05739515 0.0353201
 0.05739515 0.05739515 0.05739515 0.0353201  0.01986756 0.07505517
 0.07505517 0.09492276 0.09492276 0.05739515 0.03752761 0.03752761
 0.03752761 0.05739515 0.05739515 0.03752761 0.03752761 0.
 0.         0.         0.08167771 0.08167771 0.08167771 0.12582782
 0.19867548 0.19867548 0.19867548 0.19867548 0.17218545 0.17218545
 0.17218545 0.19867548 0.19867548 0.42604855 0.42604855 0.42604855
 0.33774835 0.27814567 0.27814567 0.27814567 0.27814567 0.27814567
 0.93156719 1.         0.93156719 0.85651213 0.48123619 0.48123619
 0.82560706 0.82560706 0.48123619 0.54525381 0.41942605 0.2450331
 0.21633555 0.19426049 0.16997793 0.14790288 0.12582782 0.12582782
 0.16997793 0.21633555 0.43929356 0.45033109 0.49448121 0.54525381]
Iter: 005, Time: 1138.4039 sec, Train Loss: 5928.9831, Train MAE: 4.4650, Train MSE: 32.9526, Train R2: 0.7361, Train CORR: 0.8588, Train R2 Pred: 0.8588, Train CORR Pred: 0.7361
----------------------------------------
0.2782*exp(-1.5948*sin(0.0613999999999999*x))*exp(-1.2295*sin(2.2222*sin(0.1127*x)))
[0.05739515 0.07505517 0.07505517 0.05739515 0.0353201  0.05739515
 0.05739515 0.05739515 0.0353201  0.01986756 0.07505517 0.07505517
 0.09492276 0.09492276 0.05739515 0.03752761 0.03752761 0.03752761
 0.05739515 0.05739515 0.03752761 0.03752761 0.         0.
 0.         0.08167771 0.08167771 0.08167771 0.12582782 0.19867548
 0.19867548 0.19867548 0.19867548 0.17218545 0.17218545 0.17218545
 0.19867548 0.19867548 0.42604855 0.42604855 0.42604855 0.33774835
 0.27814567 0.27814567 0.27814567 0.27814567 0.27814567 0.93156719
 1.         0.93156719 0.85651213 0.48123619 0.48123619 0.82560706
 0.82560706 0.48123619 0.54525381 0.41942605 0.2450331  0.21633555
 0.19426049 0.16997793 0.14790288 0.12582782 0.12582782 0.16997793
 0.21633555 0.43929356 0.45033109 0.49448121 0.54525381 0.57615888]
Iter: 006, Time: 988.0027 sec, Train Loss: 5871.6255, Train MAE: 3.7813, Train MSE: 27.2808, Train R2: 0.7850, Train CORR: 0.8863, Train R2 Pred: 0.8863, Train CORR Pred: 0.7850
----------------------------------------
exp(2.3686*cos(4.6499*cos(0.9978*cos(0.9796*exp(-sin(sin(sin(0.0764*x))))))))
[0.07505517 0.07505517 0.05739515 0.0353201  0.05739515 0.05739515
 0.05739515 0.0353201  0.01986756 0.07505517 0.07505517 0.09492276
 0.09492276 0.05739515 0.03752761 0.03752761 0.03752761 0.05739515
 0.05739515 0.03752761 0.03752761 0.         0.         0.
 0.08167771 0.08167771 0.08167771 0.12582782 0.19867548 0.19867548
 0.19867548 0.19867548 0.17218545 0.17218545 0.17218545 0.19867548
 0.19867548 0.42604855 0.42604855 0.42604855 0.33774835 0.27814567
 0.27814567 0.27814567 0.27814567 0.27814567 0.93156719 1.
 0.93156719 0.85651213 0.48123619 0.48123619 0.82560706 0.82560706
 0.48123619 0.54525381 0.41942605 0.2450331  0.21633555 0.19426049
 0.16997793 0.14790288 0.12582782 0.12582782 0.16997793 0.21633555
 0.43929356 0.45033109 0.49448121 0.54525381 0.57615888 0.49448121]
Iter: 007, Time: 1001.8940 sec, Train Loss: 5809.8935, Train MAE: 4.6727, Train MSE: 34.5549, Train R2: 0.7287, Train CORR: 0.8538, Train R2 Pred: 0.8538, Train CORR Pred: 0.7287
----------------------------------------
1.0*x*exp(-exp(1.52487597*exp(0.0663*cos(6.4778*x)))) - 0.02130426*exp(-2.6985*cos(6.1218*x))
[0.07505517 0.05739515 0.0353201  0.05739515 0.05739515 0.05739515
 0.0353201  0.01986756 0.07505517 0.07505517 0.09492276 0.09492276
 0.05739515 0.03752761 0.03752761 0.03752761 0.05739515 0.05739515
 0.03752761 0.03752761 0.         0.         0.         0.08167771
 0.08167771 0.08167771 0.12582782 0.19867548 0.19867548 0.19867548
 0.19867548 0.17218545 0.17218545 0.17218545 0.19867548 0.19867548
 0.42604855 0.42604855 0.42604855 0.33774835 0.27814567 0.27814567
 0.27814567 0.27814567 0.27814567 0.93156719 1.         0.93156719
 0.85651213 0.48123619 0.48123619 0.82560706 0.82560706 0.48123619
 0.54525381 0.41942605 0.2450331  0.21633555 0.19426049 0.16997793
 0.14790288 0.12582782 0.12582782 0.16997793 0.21633555 0.43929356
 0.45033109 0.49448121 0.54525381 0.57615888 0.49448121 0.48123619]
Iter: 008, Time: 1032.0562 sec, Train Loss: 5753.0536, Train MAE: 3.5144, Train MSE: 25.5868, Train R2: 0.7997, Train CORR: 0.8945, Train R2 Pred: 0.8945, Train CORR Pred: 0.7997
----------------------------------------
x*sin(0.0117*cos(1.1924*sin(1.8455*sqrt(x)))) - 0.173*cos(2.1156*sin(0.7279*sqrt(x))) - 0.0887*cos(9.2153*sin(1.1176*sqrt(x)))
[0.05739515 0.0353201  0.05739515 0.05739515 0.05739515 0.0353201
 0.01986756 0.07505517 0.07505517 0.09492276 0.09492276 0.05739515
 0.03752761 0.03752761 0.03752761 0.05739515 0.05739515 0.03752761
 0.03752761 0.         0.         0.         0.08167771 0.08167771
 0.08167771 0.12582782 0.19867548 0.19867548 0.19867548 0.19867548
 0.17218545 0.17218545 0.17218545 0.19867548 0.19867548 0.42604855
 0.42604855 0.42604855 0.33774835 0.27814567 0.27814567 0.27814567
 0.27814567 0.27814567 0.93156719 1.         0.93156719 0.85651213
 0.48123619 0.48123619 0.82560706 0.82560706 0.48123619 0.54525381
 0.41942605 0.2450331  0.21633555 0.19426049 0.16997793 0.14790288
 0.12582782 0.12582782 0.16997793 0.21633555 0.43929356 0.45033109
 0.49448121 0.54525381 0.57615888 0.49448121 0.48123619 0.45033109]
Iter: 009, Time: 1132.0989 sec, Train Loss: 5746.0101, Train MAE: 3.6342, Train MSE: 27.0074, Train R2: 0.7884, Train CORR: 0.8881, Train R2 Pred: 0.8881, Train CORR Pred: 0.7884
----------------------------------------
0.0494*sin(0.8987*x) + 0.534*sin(6.3079*x) + 0.2074*cos(4.1625*sin(0.0685*x))
[0.0353201  0.05739515 0.05739515 0.05739515 0.0353201  0.01986756
 0.07505517 0.07505517 0.09492276 0.09492276 0.05739515 0.03752761
 0.03752761 0.03752761 0.05739515 0.05739515 0.03752761 0.03752761
 0.         0.         0.         0.08167771 0.08167771 0.08167771
 0.12582782 0.19867548 0.19867548 0.19867548 0.19867548 0.17218545
 0.17218545 0.17218545 0.19867548 0.19867548 0.42604855 0.42604855
 0.42604855 0.33774835 0.27814567 0.27814567 0.27814567 0.27814567
 0.27814567 0.93156719 1.         0.93156719 0.85651213 0.48123619
 0.48123619 0.82560706 0.82560706 0.48123619 0.54525381 0.41942605
 0.2450331  0.21633555 0.19426049 0.16997793 0.14790288 0.12582782
 0.12582782 0.16997793 0.21633555 0.43929356 0.45033109 0.49448121
 0.54525381 0.57615888 0.49448121 0.48123619 0.45033109 0.49448121]
Iter: 010, Time: 1059.7622 sec, Train Loss: 5701.2146, Train MAE: 5.0602, Train MSE: 36.5770, Train R2: 0.7136, Train CORR: 0.8455, Train R2 Pred: 0.8455, Train CORR Pred: 0.7136
----------------------------------------
3.9462*exp(128.2534*cos(2.932*cos(sin(9.4608*x)))) + 0.6159*cos(1.5264*cos(sin(0.0235*x)))
[0.05739515 0.05739515 0.05739515 0.0353201  0.01986756 0.07505517
 0.07505517 0.09492276 0.09492276 0.05739515 0.03752761 0.03752761
 0.03752761 0.05739515 0.05739515 0.03752761 0.03752761 0.
 0.         0.         0.08167771 0.08167771 0.08167771 0.12582782
 0.19867548 0.19867548 0.19867548 0.19867548 0.17218545 0.17218545
 0.17218545 0.19867548 0.19867548 0.42604855 0.42604855 0.42604855
 0.33774835 0.27814567 0.27814567 0.27814567 0.27814567 0.27814567
 0.93156719 1.         0.93156719 0.85651213 0.48123619 0.48123619
 0.82560706 0.82560706 0.48123619 0.54525381 0.41942605 0.2450331
 0.21633555 0.19426049 0.16997793 0.14790288 0.12582782 0.12582782
 0.16997793 0.21633555 0.43929356 0.45033109 0.49448121 0.54525381
 0.57615888 0.49448121 0.48123619 0.45033109 0.49448121 0.56291389]
Iter: 011, Time: 1114.3713 sec, Train Loss: 5642.9896, Train MAE: 4.2022, Train MSE: 36.4151, Train R2: 0.7162, Train CORR: 0.8463, Train R2 Pred: 0.8463, Train CORR Pred: 0.7162
----------------------------------------
-0.1423*x**(1/4) + 0.8899*sin(6.30960516*x) + 0.1814*sin(6.47418288*x)
[0.05739515 0.05739515 0.0353201  0.01986756 0.07505517 0.07505517
 0.09492276 0.09492276 0.05739515 0.03752761 0.03752761 0.03752761
 0.05739515 0.05739515 0.03752761 0.03752761 0.         0.
 0.         0.08167771 0.08167771 0.08167771 0.12582782 0.19867548
 0.19867548 0.19867548 0.19867548 0.17218545 0.17218545 0.17218545
 0.19867548 0.19867548 0.42604855 0.42604855 0.42604855 0.33774835
 0.27814567 0.27814567 0.27814567 0.27814567 0.27814567 0.93156719
 1.         0.93156719 0.85651213 0.48123619 0.48123619 0.82560706
 0.82560706 0.48123619 0.54525381 0.41942605 0.2450331  0.21633555
 0.19426049 0.16997793 0.14790288 0.12582782 0.12582782 0.16997793
 0.21633555 0.43929356 0.45033109 0.49448121 0.54525381 0.57615888
 0.49448121 0.48123619 0.45033109 0.49448121 0.56291389 0.85651213]
Iter: 012, Time: 1101.5196 sec, Train Loss: 5570.2798, Train MAE: 5.5127, Train MSE: 46.8924, Train R2: 0.6551, Train CORR: 0.8095, Train R2 Pred: 0.8095, Train CORR Pred: 0.6551
----------------------------------------
0.00579302999999998*x + 0.1101*exp(-sin(0.1163*x))
[0.05739515 0.0353201  0.01986756 0.07505517 0.07505517 0.09492276
 0.09492276 0.05739515 0.03752761 0.03752761 0.03752761 0.05739515
 0.05739515 0.03752761 0.03752761 0.         0.         0.
 0.08167771 0.08167771 0.08167771 0.12582782 0.19867548 0.19867548
 0.19867548 0.19867548 0.17218545 0.17218545 0.17218545 0.19867548
 0.19867548 0.42604855 0.42604855 0.42604855 0.33774835 0.27814567
 0.27814567 0.27814567 0.27814567 0.27814567 0.93156719 1.
 0.93156719 0.85651213 0.48123619 0.48123619 0.82560706 0.82560706
 0.48123619 0.54525381 0.41942605 0.2450331  0.21633555 0.19426049
 0.16997793 0.14790288 0.12582782 0.12582782 0.16997793 0.21633555
 0.43929356 0.45033109 0.49448121 0.54525381 0.57615888 0.49448121
 0.48123619 0.45033109 0.49448121 0.56291389 0.85651213 0.81456953]
Iter: 013, Time: 912.3337 sec, Train Loss: 5562.8834, Train MAE: 5.9546, Train MSE: 62.2056, Train R2: 0.5615, Train CORR: 0.7734, Train R2 Pred: 0.7734, Train CORR Pred: 0.5615
----------------------------------------
0.5792*sin(0.0189*x) + 0.1224*sin(6.0277*x) + 0.2031*cos(2.4146*sin(3.0603*x))
[0.0353201  0.01986756 0.07505517 0.07505517 0.09492276 0.09492276
 0.05739515 0.03752761 0.03752761 0.03752761 0.05739515 0.05739515
 0.03752761 0.03752761 0.         0.         0.         0.08167771
 0.08167771 0.08167771 0.12582782 0.19867548 0.19867548 0.19867548
 0.19867548 0.17218545 0.17218545 0.17218545 0.19867548 0.19867548
 0.42604855 0.42604855 0.42604855 0.33774835 0.27814567 0.27814567
 0.27814567 0.27814567 0.27814567 0.93156719 1.         0.93156719
 0.85651213 0.48123619 0.48123619 0.82560706 0.82560706 0.48123619
 0.54525381 0.41942605 0.2450331  0.21633555 0.19426049 0.16997793
 0.14790288 0.12582782 0.12582782 0.16997793 0.21633555 0.43929356
 0.45033109 0.49448121 0.54525381 0.57615888 0.49448121 0.48123619
 0.45033109 0.49448121 0.56291389 0.85651213 0.81456953 0.70198673]
Iter: 014, Time: 1126.7500 sec, Train Loss: 5527.9916, Train MAE: 4.8159, Train MSE: 36.0540, Train R2: 0.7504, Train CORR: 0.8670, Train R2 Pred: 0.8670, Train CORR Pred: 0.7504
----------------------------------------
0.0277*x*exp(-exp(0.62825445*sin(sin(sin(0.1357*x))))) - 0.0610118*sin(sin(sin(0.6019*x)))
[0.01986756 0.07505517 0.07505517 0.09492276 0.09492276 0.05739515
 0.03752761 0.03752761 0.03752761 0.05739515 0.05739515 0.03752761
 0.03752761 0.         0.         0.         0.08167771 0.08167771
 0.08167771 0.12582782 0.19867548 0.19867548 0.19867548 0.19867548
 0.17218545 0.17218545 0.17218545 0.19867548 0.19867548 0.42604855
 0.42604855 0.42604855 0.33774835 0.27814567 0.27814567 0.27814567
 0.27814567 0.27814567 0.93156719 1.         0.93156719 0.85651213
 0.48123619 0.48123619 0.82560706 0.82560706 0.48123619 0.54525381
 0.41942605 0.2450331  0.21633555 0.19426049 0.16997793 0.14790288
 0.12582782 0.12582782 0.16997793 0.21633555 0.43929356 0.45033109
 0.49448121 0.54525381 0.57615888 0.49448121 0.48123619 0.45033109
 0.49448121 0.56291389 0.85651213 0.81456953 0.70198673 0.58940393]
Iter: 015, Time: 1075.9381 sec, Train Loss: 5492.2043, Train MAE: 5.2911, Train MSE: 46.7375, Train R2: 0.6760, Train CORR: 0.8231, Train R2 Pred: 0.8231, Train CORR Pred: 0.6760
----------------------------------------
0.3539*exp(0.6589*sin(6.1462*x)) + 0.6662*sin(3.1414*x) + 0.1629*sin(6.0176*x) + 0.2117*sin(6.2078*x)
[0.07505517 0.07505517 0.09492276 0.09492276 0.05739515 0.03752761
 0.03752761 0.03752761 0.05739515 0.05739515 0.03752761 0.03752761
 0.         0.         0.         0.08167771 0.08167771 0.08167771
 0.12582782 0.19867548 0.19867548 0.19867548 0.19867548 0.17218545
 0.17218545 0.17218545 0.19867548 0.19867548 0.42604855 0.42604855
 0.42604855 0.33774835 0.27814567 0.27814567 0.27814567 0.27814567
 0.27814567 0.93156719 1.         0.93156719 0.85651213 0.48123619
 0.48123619 0.82560706 0.82560706 0.48123619 0.54525381 0.41942605
 0.2450331  0.21633555 0.19426049 0.16997793 0.14790288 0.12582782
 0.12582782 0.16997793 0.21633555 0.43929356 0.45033109 0.49448121
 0.54525381 0.57615888 0.49448121 0.48123619 0.45033109 0.49448121
 0.56291389 0.85651213 0.81456953 0.70198673 0.58940393 0.53200883]
Iter: 016, Time: 1102.7925 sec, Train Loss: 5486.3433, Train MAE: 4.7470, Train MSE: 37.0439, Train R2: 0.7407, Train CORR: 0.8606, Train R2 Pred: 0.8606, Train CORR Pred: 0.7407
----------------------------------------
0.8904*log(exp(sin(0.02617992*x)))*sin(cos(1.2963*log(exp(sin(3.2305*x)))))
[0.07505517 0.09492276 0.09492276 0.05739515 0.03752761 0.03752761
 0.03752761 0.05739515 0.05739515 0.03752761 0.03752761 0.
 0.         0.         0.08167771 0.08167771 0.08167771 0.12582782
 0.19867548 0.19867548 0.19867548 0.19867548 0.17218545 0.17218545
 0.17218545 0.19867548 0.19867548 0.42604855 0.42604855 0.42604855
 0.33774835 0.27814567 0.27814567 0.27814567 0.27814567 0.27814567
 0.93156719 1.         0.93156719 0.85651213 0.48123619 0.48123619
 0.82560706 0.82560706 0.48123619 0.54525381 0.41942605 0.2450331
 0.21633555 0.19426049 0.16997793 0.14790288 0.12582782 0.12582782
 0.16997793 0.21633555 0.43929356 0.45033109 0.49448121 0.54525381
 0.57615888 0.49448121 0.48123619 0.45033109 0.49448121 0.56291389
 0.85651213 0.81456953 0.70198673 0.58940393 0.53200883 0.71302432]
Iter: 017, Time: 941.2160 sec, Train Loss: 5467.3671, Train MAE: 5.0761, Train MSE: 43.0242, Train R2: 0.7034, Train CORR: 0.8398, Train R2 Pred: 0.8398, Train CORR Pred: 0.7034
----------------------------------------
0.1243*sqrt(x) - 0.14*sqrt(sqrt(x)*exp(-sin(18.7025*x)))
[0.09492276 0.09492276 0.05739515 0.03752761 0.03752761 0.03752761
 0.05739515 0.05739515 0.03752761 0.03752761 0.         0.
 0.         0.08167771 0.08167771 0.08167771 0.12582782 0.19867548
 0.19867548 0.19867548 0.19867548 0.17218545 0.17218545 0.17218545
 0.19867548 0.19867548 0.42604855 0.42604855 0.42604855 0.33774835
 0.27814567 0.27814567 0.27814567 0.27814567 0.27814567 0.93156719
 1.         0.93156719 0.85651213 0.48123619 0.48123619 0.82560706
 0.82560706 0.48123619 0.54525381 0.41942605 0.2450331  0.21633555
 0.19426049 0.16997793 0.14790288 0.12582782 0.12582782 0.16997793
 0.21633555 0.43929356 0.45033109 0.49448121 0.54525381 0.57615888
 0.49448121 0.48123619 0.45033109 0.49448121 0.56291389 0.85651213
 0.81456953 0.70198673 0.58940393 0.53200883 0.71302432 0.43929356]
Iter: 018, Time: 1023.5475 sec, Train Loss: 5418.8620, Train MAE: 5.5789, Train MSE: 55.2816, Train R2: 0.6143, Train CORR: 0.7872, Train R2 Pred: 0.7872, Train CORR Pred: 0.6143
----------------------------------------
0.0094000000000003*x + 0.1433*cos(1.1368*sqrt(x)) + 0.1346*cos(3.1349*sqrt(x)) + 0.0848*cos(4.0196*sqrt(x))
[0.09492276 0.05739515 0.03752761 0.03752761 0.03752761 0.05739515
 0.05739515 0.03752761 0.03752761 0.         0.         0.
 0.08167771 0.08167771 0.08167771 0.12582782 0.19867548 0.19867548
 0.19867548 0.19867548 0.17218545 0.17218545 0.17218545 0.19867548
 0.19867548 0.42604855 0.42604855 0.42604855 0.33774835 0.27814567
 0.27814567 0.27814567 0.27814567 0.27814567 0.93156719 1.
 0.93156719 0.85651213 0.48123619 0.48123619 0.82560706 0.82560706
 0.48123619 0.54525381 0.41942605 0.2450331  0.21633555 0.19426049
 0.16997793 0.14790288 0.12582782 0.12582782 0.16997793 0.21633555
 0.43929356 0.45033109 0.49448121 0.54525381 0.57615888 0.49448121
 0.48123619 0.45033109 0.49448121 0.56291389 0.85651213 0.81456953
 0.70198673 0.58940393 0.53200883 0.71302432 0.43929356 0.38189846]
Iter: 019, Time: 1028.8052 sec, Train Loss: 5376.4748, Train MAE: 5.2691, Train MSE: 41.2491, Train R2: 0.7087, Train CORR: 0.8443, Train R2 Pred: 0.8443, Train CORR Pred: 0.7087
----------------------------------------
0.0376*sqrt(x)*sin(sin(0.2234*x)) + 0.545*sin(sin(0.0307*x)) + 0.0825*sin(sin(6.8829*x))
[0.05739515 0.03752761 0.03752761 0.03752761 0.05739515 0.05739515
 0.03752761 0.03752761 0.         0.         0.         0.08167771
 0.08167771 0.08167771 0.12582782 0.19867548 0.19867548 0.19867548
 0.19867548 0.17218545 0.17218545 0.17218545 0.19867548 0.19867548
 0.42604855 0.42604855 0.42604855 0.33774835 0.27814567 0.27814567
 0.27814567 0.27814567 0.27814567 0.93156719 1.         0.93156719
 0.85651213 0.48123619 0.48123619 0.82560706 0.82560706 0.48123619
 0.54525381 0.41942605 0.2450331  0.21633555 0.19426049 0.16997793
 0.14790288 0.12582782 0.12582782 0.16997793 0.21633555 0.43929356
 0.45033109 0.49448121 0.54525381 0.57615888 0.49448121 0.48123619
 0.45033109 0.49448121 0.56291389 0.85651213 0.81456953 0.70198673
 0.58940393 0.53200883 0.71302432 0.43929356 0.38189846 0.29139072]
Iter: 020, Time: 949.3654 sec, Train Loss: 5375.8447, Train MAE: 5.0930, Train MSE: 39.9568, Train R2: 0.7143, Train CORR: 0.8542, Train R2 Pred: 0.8542, Train CORR Pred: 0.7143
----------------------------------------
0.00749999999999995*x + 0.17601052*sin(0.0517*x) + 0.16704097*sin(6.5119*x)
[0.03752761 0.03752761 0.03752761 0.05739515 0.05739515 0.03752761
 0.03752761 0.         0.         0.         0.08167771 0.08167771
 0.08167771 0.12582782 0.19867548 0.19867548 0.19867548 0.19867548
 0.17218545 0.17218545 0.17218545 0.19867548 0.19867548 0.42604855
 0.42604855 0.42604855 0.33774835 0.27814567 0.27814567 0.27814567
 0.27814567 0.27814567 0.93156719 1.         0.93156719 0.85651213
 0.48123619 0.48123619 0.82560706 0.82560706 0.48123619 0.54525381
 0.41942605 0.2450331  0.21633555 0.19426049 0.16997793 0.14790288
 0.12582782 0.12582782 0.16997793 0.21633555 0.43929356 0.45033109
 0.49448121 0.54525381 0.57615888 0.49448121 0.48123619 0.45033109
 0.49448121 0.56291389 0.85651213 0.81456953 0.70198673 0.58940393
 0.53200883 0.71302432 0.43929356 0.38189846 0.29139072 0.29139072]
Iter: 021, Time: 865.8393 sec, Train Loss: 5352.7262, Train MAE: 6.0099, Train MSE: 54.7591, Train R2: 0.6018, Train CORR: 0.7963, Train R2 Pred: 0.7963, Train CORR Pred: 0.6018
----------------------------------------
sin(log(cos(1.1918*sin(0.7447*sin(0.0995*x))))) + 1.1927*sin(0.6357*sin(0.0351*x))
[0.03752761 0.03752761 0.05739515 0.05739515 0.03752761 0.03752761
 0.         0.         0.         0.08167771 0.08167771 0.08167771
 0.12582782 0.19867548 0.19867548 0.19867548 0.19867548 0.17218545
 0.17218545 0.17218545 0.19867548 0.19867548 0.42604855 0.42604855
 0.42604855 0.33774835 0.27814567 0.27814567 0.27814567 0.27814567
 0.27814567 0.93156719 1.         0.93156719 0.85651213 0.48123619
 0.48123619 0.82560706 0.82560706 0.48123619 0.54525381 0.41942605
 0.2450331  0.21633555 0.19426049 0.16997793 0.14790288 0.12582782
 0.12582782 0.16997793 0.21633555 0.43929356 0.45033109 0.49448121
 0.54525381 0.57615888 0.49448121 0.48123619 0.45033109 0.49448121
 0.56291389 0.85651213 0.81456953 0.70198673 0.58940393 0.53200883
 0.71302432 0.43929356 0.38189846 0.29139072 0.29139072 0.23620309]
Iter: 022, Time: 1057.7939 sec, Train Loss: 5352.3708, Train MAE: 5.5625, Train MSE: 49.1862, Train R2: 0.6358, Train CORR: 0.8009, Train R2 Pred: 0.8009, Train CORR Pred: 0.6358
----------------------------------------
0.6973*cos(1.7217*sin(sin(1.8800384*sin(1.3087*exp(sin(0.0336*x))))))
[0.03752761 0.05739515 0.05739515 0.03752761 0.03752761 0.
 0.         0.         0.08167771 0.08167771 0.08167771 0.12582782
 0.19867548 0.19867548 0.19867548 0.19867548 0.17218545 0.17218545
 0.17218545 0.19867548 0.19867548 0.42604855 0.42604855 0.42604855
 0.33774835 0.27814567 0.27814567 0.27814567 0.27814567 0.27814567
 0.93156719 1.         0.93156719 0.85651213 0.48123619 0.48123619
 0.82560706 0.82560706 0.48123619 0.54525381 0.41942605 0.2450331
 0.21633555 0.19426049 0.16997793 0.14790288 0.12582782 0.12582782
 0.16997793 0.21633555 0.43929356 0.45033109 0.49448121 0.54525381
 0.57615888 0.49448121 0.48123619 0.45033109 0.49448121 0.56291389
 0.85651213 0.81456953 0.70198673 0.58940393 0.53200883 0.71302432
 0.43929356 0.38189846 0.29139072 0.29139072 0.23620309 0.41280347]
Iter: 023, Time: 1080.3227 sec, Train Loss: 5332.1305, Train MAE: 5.6057, Train MSE: 43.7586, Train R2: 0.6690, Train CORR: 0.8180, Train R2 Pred: 0.8180, Train CORR Pred: 0.6690
----------------------------------------
0.47814338*sin(0.17578*sqrt(x)) + 0.1961*sin(cos(0.2117*x))
[0.05739515 0.05739515 0.03752761 0.03752761 0.         0.
 0.         0.08167771 0.08167771 0.08167771 0.12582782 0.19867548
 0.19867548 0.19867548 0.19867548 0.17218545 0.17218545 0.17218545
 0.19867548 0.19867548 0.42604855 0.42604855 0.42604855 0.33774835
 0.27814567 0.27814567 0.27814567 0.27814567 0.27814567 0.93156719
 1.         0.93156719 0.85651213 0.48123619 0.48123619 0.82560706
 0.82560706 0.48123619 0.54525381 0.41942605 0.2450331  0.21633555
 0.19426049 0.16997793 0.14790288 0.12582782 0.12582782 0.16997793
 0.21633555 0.43929356 0.45033109 0.49448121 0.54525381 0.57615888
 0.49448121 0.48123619 0.45033109 0.49448121 0.56291389 0.85651213
 0.81456953 0.70198673 0.58940393 0.53200883 0.71302432 0.43929356
 0.38189846 0.29139072 0.29139072 0.23620309 0.41280347 0.5143488 ]
Iter: 024, Time: 990.9164 sec, Train Loss: 5317.0648, Train MAE: 6.2922, Train MSE: 58.7503, Train R2: 0.5475, Train CORR: 0.7549, Train R2 Pred: 0.7549, Train CORR Pred: 0.5475
----------------------------------------
0.10853466*sqrt(x)*exp(-cos(1.4812*sin(2.9985*x))) - 0.151*sin(0.1693*x) + 0.9411*sin(3.1415*x)
[0.05739515 0.03752761 0.03752761 0.         0.         0.
 0.08167771 0.08167771 0.08167771 0.12582782 0.19867548 0.19867548
 0.19867548 0.19867548 0.17218545 0.17218545 0.17218545 0.19867548
 0.19867548 0.42604855 0.42604855 0.42604855 0.33774835 0.27814567
 0.27814567 0.27814567 0.27814567 0.27814567 0.93156719 1.
 0.93156719 0.85651213 0.48123619 0.48123619 0.82560706 0.82560706
 0.48123619 0.54525381 0.41942605 0.2450331  0.21633555 0.19426049
 0.16997793 0.14790288 0.12582782 0.12582782 0.16997793 0.21633555
 0.43929356 0.45033109 0.49448121 0.54525381 0.57615888 0.49448121
 0.48123619 0.45033109 0.49448121 0.56291389 0.85651213 0.81456953
 0.70198673 0.58940393 0.53200883 0.71302432 0.43929356 0.38189846
 0.29139072 0.29139072 0.23620309 0.41280347 0.5143488  0.60706401]
Iter: 025, Time: 1101.7660 sec, Train Loss: 5290.6493, Train MAE: 4.5465, Train MSE: 40.0400, Train R2: 0.6887, Train CORR: 0.8319, Train R2 Pred: 0.8319, Train CORR Pred: 0.6887
----------------------------------------
0.40346115*sin(sin(0.0289*x))/cos(sin(1.94714289*sin(sin(0.1447*x))))
[0.03752761 0.03752761 0.         0.         0.         0.08167771
 0.08167771 0.08167771 0.12582782 0.19867548 0.19867548 0.19867548
 0.19867548 0.17218545 0.17218545 0.17218545 0.19867548 0.19867548
 0.42604855 0.42604855 0.42604855 0.33774835 0.27814567 0.27814567
 0.27814567 0.27814567 0.27814567 0.93156719 1.         0.93156719
 0.85651213 0.48123619 0.48123619 0.82560706 0.82560706 0.48123619
 0.54525381 0.41942605 0.2450331  0.21633555 0.19426049 0.16997793
 0.14790288 0.12582782 0.12582782 0.16997793 0.21633555 0.43929356
 0.45033109 0.49448121 0.54525381 0.57615888 0.49448121 0.48123619
 0.45033109 0.49448121 0.56291389 0.85651213 0.81456953 0.70198673
 0.58940393 0.53200883 0.71302432 0.43929356 0.38189846 0.29139072
 0.29139072 0.23620309 0.41280347 0.5143488  0.60706401 0.78145695]
Iter: 026, Time: 1025.8729 sec, Train Loss: 5279.4693, Train MAE: 5.7357, Train MSE: 58.5477, Train R2: 0.5505, Train CORR: 0.7439, Train R2 Pred: 0.7439, Train CORR Pred: 0.5505
----------------------------------------
0.12713813*sin(1.5922*sqrt(x)) + 0.13940208*sin(3.6999*sqrt(x)) + sin(6.12802944*sin(0.0109*sqrt(x)))
[0.0314233  0.         0.         0.         0.06839188 0.06839188
 0.06839188 0.10536046 0.16635861 0.16635861 0.16635861 0.16635861
 0.14417748 0.14417748 0.14417748 0.16635861 0.16635861 0.35674679
 0.35674679 0.35674679 0.28280964 0.23290205 0.23290205 0.23290205
 0.23290205 0.23290205 0.78003693 0.83733833 0.78003693 0.71719044
 0.40295753 0.40295753 0.69131243 0.69131243 0.40295753 0.45656192
 0.35120153 0.20517561 0.18114606 0.16266176 0.14232904 0.12384475
 0.10536046 0.10536046 0.14232904 0.18114606 0.36783734 0.37707949
 0.41404808 0.45656192 0.48243994 0.41404808 0.40295753 0.37707949
 0.41404808 0.47134939 0.71719044 0.68207031 0.58780038 0.49353048
 0.44547138 0.59704256 0.36783734 0.3197782  0.24399263 0.24399263
 0.19778191 0.34565619 0.43068394 0.50831801 0.65434384 1.        ]
Iter: 027, Time: 1034.9136 sec, Train Loss: 5274.8827, Train MAE: 6.1941, Train MSE: 58.8454, Train R2: 0.5941, Train CORR: 0.7728, Train R2 Pred: 0.7728, Train CORR Pred: 0.5941
----------------------------------------
0.0505*sqrt(x) - 0.000799999999999912*x - 0.1147*cos(0.28808052*x*log(sin(cos(cos(exp(cos(sqrt(x))))))))
[0.         0.         0.         0.05117567 0.05117567 0.05117567
 0.07883819 0.12448134 0.12448134 0.12448134 0.12448134 0.10788384
 0.10788384 0.10788384 0.12448134 0.12448134 0.26694334 0.26694334
 0.26694334 0.21161829 0.17427388 0.17427388 0.17427388 0.17427388
 0.17427388 0.58367908 0.6265561  0.58367908 0.53665292 0.30152148
 0.30152148 0.5172891  0.5172891  0.30152148 0.3416321  0.26279396
 0.15352699 0.13554636 0.1217151  0.10650071 0.09266945 0.07883819
 0.07883819 0.10650071 0.13554636 0.27524206 0.28215769 0.3098202
 0.3416321  0.36099589 0.3098202  0.30152148 0.28215769 0.3098202
 0.35269713 0.53665292 0.51037347 0.43983406 0.36929461 0.33333337
 0.44674972 0.27524206 0.2392808  0.18257263 0.18257263 0.14799449
 0.25864455 0.32226837 0.38035965 0.48962662 0.74827111 1.        ]
Iter: 028, Time: 896.0105 sec, Train Loss: 5279.5207, Train MAE: 6.5764, Train MSE: 92.3949, Train R2: 0.4894, Train CORR: 0.7007, Train R2 Pred: 0.7007, Train CORR Pred: 0.4894
----------------------------------------
0.0454*sin(1.2686*x) + 0.4383925*sin(sin(0.0239*x))
[0.         0.         0.         0.05117567 0.05117567 0.05117567
 0.07883819 0.12448134 0.12448134 0.12448134 0.12448134 0.10788384
 0.10788384 0.10788384 0.12448134 0.12448134 0.26694334 0.26694334
 0.26694334 0.21161829 0.17427388 0.17427388 0.17427388 0.17427388
 0.17427388 0.58367908 0.6265561  0.58367908 0.53665292 0.30152148
 0.30152148 0.5172891  0.5172891  0.30152148 0.3416321  0.26279396
 0.15352699 0.13554636 0.1217151  0.10650071 0.09266945 0.07883819
 0.07883819 0.10650071 0.13554636 0.27524206 0.28215769 0.3098202
 0.3416321  0.36099589 0.3098202  0.30152148 0.28215769 0.3098202
 0.35269713 0.53665292 0.51037347 0.43983406 0.36929461 0.33333337
 0.44674972 0.27524206 0.2392808  0.18257263 0.18257263 0.14799449
 0.25864455 0.32226837 0.38035965 0.48962662 0.74827111 1.        ]
Iter: 000, Time: 825.7996 sec, Test MAE: 8.1310, Test MSE: 127.4659, Test R2: 0.2956, Test CORR: 0.5507, Test R2 Pred: 0.5507, Test CORR Pred: 0.2956


0.00600000000000001*x
[0.         0.         0.04176073 0.04176073 0.04176073 0.06433409
 0.10158014 0.10158014 0.10158014 0.10158014 0.08803613 0.08803613
 0.08803613 0.10158014 0.10158014 0.21783297 0.21783297 0.21783297
 0.17268625 0.1422122  0.1422122  0.1422122  0.1422122  0.1422122
 0.47629794 0.51128674 0.47629794 0.43792328 0.24604967 0.24604967
 0.42212191 0.42212191 0.24604967 0.27878103 0.21444698 0.12528217
 0.11060949 0.09932281 0.08690746 0.07562078 0.06433409 0.06433409
 0.08690746 0.11060949 0.22460496 0.2302483  0.25282168 0.27878103
 0.2945824  0.25282168 0.24604967 0.2302483  0.25282168 0.28781042
 0.43792328 0.41647857 0.35891649 0.30135441 0.27200904 0.36455986
 0.22460496 0.19525962 0.14898421 0.14898421 0.1207675  0.21106094
 0.26297972 0.31038377 0.39954856 0.61060947 0.81602705 1.        ]
Iter: 001, Time: 174.3433 sec, Test MAE: 9.3829, Test MSE: 181.4196, Test R2: 0.2484, Test CORR: 0.5367, Test R2 Pred: 0.5367, Test CORR Pred: 0.2484


x - 99.4321431*sin(0.0147*x) + 17.2002*sin(12.5942*x)
[0.         0.04039302 0.04039302 0.04039302 0.06222709 0.09825328
 0.09825328 0.09825328 0.09825328 0.08515285 0.08515285 0.08515285
 0.09825328 0.09825328 0.21069871 0.21069871 0.21069871 0.16703059
 0.13755459 0.13755459 0.13755459 0.13755459 0.13755459 0.46069866
 0.49454153 0.46069866 0.42358083 0.23799129 0.23799129 0.40829697
 0.40829697 0.23799129 0.26965064 0.20742361 0.12117904 0.10698692
 0.09606988 0.08406115 0.07314412 0.06222709 0.06222709 0.08406115
 0.10698692 0.2172489  0.22270742 0.24454148 0.26965064 0.28493452
 0.24454148 0.23799129 0.22270742 0.24454148 0.2783843  0.42358083
 0.40283844 0.34716159 0.29148471 0.26310045 0.35262012 0.2172489
 0.18886465 0.14410481 0.14410481 0.11681224 0.20414846 0.25436682
 0.30021837 0.3864629  0.59061134 0.78930128 0.96724892 1.        ]
Iter: 002, Time: 904.6114 sec, Test MAE: 9.5590, Test MSE: 150.2367, Test R2: 0.5065, Test CORR: 0.7715, Test R2 Pred: 0.7715, Test CORR Pred: 0.5065


x + 21.8491*sin(0.0446*x) - 10.2487*sin(0.0519*x) + 77.4188*sin(6.2647*x)
[0.         0.         0.         0.02275313 0.06029578 0.06029578
 0.06029578 0.06029578 0.04664392 0.04664392 0.04664392 0.06029578
 0.06029578 0.17747441 0.17747441 0.17747441 0.13196814 0.10125142
 0.10125142 0.10125142 0.10125142 0.10125142 0.43799773 0.47326505
 0.43799773 0.39931738 0.20591581 0.20591581 0.38339019 0.38339019
 0.20591581 0.23890783 0.17406145 0.08418657 0.06939705 0.05802048
 0.04550626 0.03412969 0.02275313 0.02275313 0.04550626 0.06939705
 0.18430032 0.18998861 0.21274173 0.23890783 0.25483504 0.21274173
 0.20591581 0.18998861 0.21274173 0.24800912 0.39931738 0.37770188
 0.31968147 0.26166096 0.23208191 0.32536975 0.18430032 0.15472127
 0.10807736 0.10807736 0.07963595 0.17064844 0.22298066 0.27076223
 0.36063707 0.57337886 0.78043228 0.96587032 1.         0.82821387]
Iter: 003, Time: 631.1316 sec, Test MAE: 8.7280, Test MSE: 118.8449, Test R2: 0.6490, Test CORR: 0.8077, Test R2 Pred: 0.8077, Test CORR Pred: 0.6490


2.0*x + 693.0994*sin(6.2803*x)
[0.         0.         0.02275313 0.06029578 0.06029578 0.06029578
 0.06029578 0.04664392 0.04664392 0.04664392 0.06029578 0.06029578
 0.17747441 0.17747441 0.17747441 0.13196814 0.10125142 0.10125142
 0.10125142 0.10125142 0.10125142 0.43799773 0.47326505 0.43799773
 0.39931738 0.20591581 0.20591581 0.38339019 0.38339019 0.20591581
 0.23890783 0.17406145 0.08418657 0.06939705 0.05802048 0.04550626
 0.03412969 0.02275313 0.02275313 0.04550626 0.06939705 0.18430032
 0.18998861 0.21274173 0.23890783 0.25483504 0.21274173 0.20591581
 0.18998861 0.21274173 0.24800912 0.39931738 0.37770188 0.31968147
 0.26166096 0.23208191 0.32536975 0.18430032 0.15472127 0.10807736
 0.10807736 0.07963595 0.17064844 0.22298066 0.27076223 0.36063707
 0.57337886 0.78043228 0.96587032 1.         0.82821387 0.55062574]
Iter: 004, Time: 942.1852 sec, Test MAE: 14.3677, Test MSE: 388.2220, Test R2: -0.1248, Test CORR: 0.6513, Test R2 Pred: 0.6513, Test CORR Pred: -0.1248


x - 107.1764*sin(0.0149*x) + 23.8316*sin(0.0255*x)
[0.         0.02275313 0.06029578 0.06029578 0.06029578 0.06029578
 0.04664392 0.04664392 0.04664392 0.06029578 0.06029578 0.17747441
 0.17747441 0.17747441 0.13196814 0.10125142 0.10125142 0.10125142
 0.10125142 0.10125142 0.43799773 0.47326505 0.43799773 0.39931738
 0.20591581 0.20591581 0.38339019 0.38339019 0.20591581 0.23890783
 0.17406145 0.08418657 0.06939705 0.05802048 0.04550626 0.03412969
 0.02275313 0.02275313 0.04550626 0.06939705 0.18430032 0.18998861
 0.21274173 0.23890783 0.25483504 0.21274173 0.20591581 0.18998861
 0.21274173 0.24800912 0.39931738 0.37770188 0.31968147 0.26166096
 0.23208191 0.32536975 0.18430032 0.15472127 0.10807736 0.10807736
 0.07963595 0.17064844 0.22298066 0.27076223 0.36063707 0.57337886
 0.78043228 0.96587032 1.         0.82821387 0.55062574 0.37428898]
Iter: 005, Time: 668.0750 sec, Test MAE: 9.7371, Test MSE: 171.6983, Test R2: 0.4979, Test CORR: 0.7259, Test R2 Pred: 0.7259, Test CORR Pred: 0.4979


0.28765465*sin(1.0089*x)**2
[0.         0.03841675 0.03841675 0.03841675 0.03841675 0.02444704
 0.02444704 0.02444704 0.03841675 0.03841675 0.15832363 0.15832363
 0.15832363 0.11175786 0.08032595 0.08032595 0.08032595 0.08032595
 0.08032595 0.42491269 0.46100113 0.42491269 0.38533175 0.18742724
 0.18742724 0.36903375 0.36903375 0.18742724 0.2211874  0.15483122
 0.06286379 0.04772992 0.03608848 0.02328289 0.01164144 0.
 0.         0.02328289 0.04772992 0.16530848 0.1711292  0.1944121
 0.2211874  0.23748544 0.1944121  0.18742724 0.1711292  0.1944121
 0.23050059 0.38533175 0.36321303 0.30384168 0.24447028 0.21420255
 0.3096624  0.16530848 0.13504075 0.08731083 0.08731083 0.05820722
 0.15133874 0.2048894  0.25378346 0.34575087 0.56344587 0.77532011
 0.96507567 1.         0.82421422 0.54016298 0.35972059 0.26426074]
Iter: 006, Time: 145.9663 sec, Test MAE: 14.6162, Test MSE: 450.1900, Test R2: -0.3377, Test CORR: 0.0036, Test R2 Pred: 0.0036, Test CORR Pred: -0.3377


0.3764*cos(1.4203*sin(0.1427*x))
[0.03841675 0.03841675 0.03841675 0.03841675 0.02444704 0.02444704
 0.02444704 0.03841675 0.03841675 0.15832363 0.15832363 0.15832363
 0.11175786 0.08032595 0.08032595 0.08032595 0.08032595 0.08032595
 0.42491269 0.46100113 0.42491269 0.38533175 0.18742724 0.18742724
 0.36903375 0.36903375 0.18742724 0.2211874  0.15483122 0.06286379
 0.04772992 0.03608848 0.02328289 0.01164144 0.         0.
 0.02328289 0.04772992 0.16530848 0.1711292  0.1944121  0.2211874
 0.23748544 0.1944121  0.18742724 0.1711292  0.1944121  0.23050059
 0.38533175 0.36321303 0.30384168 0.24447028 0.21420255 0.3096624
 0.16530848 0.13504075 0.08731083 0.08731083 0.05820722 0.15133874
 0.2048894  0.25378346 0.34575087 0.56344587 0.77532011 0.96507567
 1.         0.82421422 0.54016298 0.35972059 0.26426074 0.24679859]
Iter: 007, Time: 184.0080 sec, Test MAE: 10.9659, Test MSE: 237.9228, Test R2: 0.2830, Test CORR: 0.5319, Test R2 Pred: 0.5319, Test CORR Pred: 0.2830


0.0405*sqrt(x)
[0.03841675 0.03841675 0.03841675 0.02444704 0.02444704 0.02444704
 0.03841675 0.03841675 0.15832363 0.15832363 0.15832363 0.11175786
 0.08032595 0.08032595 0.08032595 0.08032595 0.08032595 0.42491269
 0.46100113 0.42491269 0.38533175 0.18742724 0.18742724 0.36903375
 0.36903375 0.18742724 0.2211874  0.15483122 0.06286379 0.04772992
 0.03608848 0.02328289 0.01164144 0.         0.         0.02328289
 0.04772992 0.16530848 0.1711292  0.1944121  0.2211874  0.23748544
 0.1944121  0.18742724 0.1711292  0.1944121  0.23050059 0.38533175
 0.36321303 0.30384168 0.24447028 0.21420255 0.3096624  0.16530848
 0.13504075 0.08731083 0.08731083 0.05820722 0.15133874 0.2048894
 0.25378346 0.34575087 0.56344587 0.77532011 0.96507567 1.
 0.82421422 0.54016298 0.35972059 0.26426074 0.24679859 0.1711292 ]
Iter: 008, Time: 157.0469 sec, Test MAE: 11.3000, Test MSE: 257.0420, Test R2: 0.2180, Test CORR: 0.4749, Test R2 Pred: 0.4749, Test CORR Pred: 0.2180


0.5595*sin(0.0106*x) - 0.14116129*sin(0.2689*x)
[0.03841675 0.03841675 0.02444704 0.02444704 0.02444704 0.03841675
 0.03841675 0.15832363 0.15832363 0.15832363 0.11175786 0.08032595
 0.08032595 0.08032595 0.08032595 0.08032595 0.42491269 0.46100113
 0.42491269 0.38533175 0.18742724 0.18742724 0.36903375 0.36903375
 0.18742724 0.2211874  0.15483122 0.06286379 0.04772992 0.03608848
 0.02328289 0.01164144 0.         0.         0.02328289 0.04772992
 0.16530848 0.1711292  0.1944121  0.2211874  0.23748544 0.1944121
 0.18742724 0.1711292  0.1944121  0.23050059 0.38533175 0.36321303
 0.30384168 0.24447028 0.21420255 0.3096624  0.16530848 0.13504075
 0.08731083 0.08731083 0.05820722 0.15133874 0.2048894  0.25378346
 0.34575087 0.56344587 0.77532011 0.96507567 1.         0.82421422
 0.54016298 0.35972059 0.26426074 0.24679859 0.1711292  0.15133874]
Iter: 009, Time: 509.3370 sec, Test MAE: 11.0478, Test MSE: 186.9026, Test R2: 0.4263, Test CORR: 0.6722, Test R2 Pred: 0.6722, Test CORR Pred: 0.4263


-1.0288*sin(12.5606*x) - sin(0.0668*sin(0.6703*x))
[0.03841675 0.02444704 0.02444704 0.02444704 0.03841675 0.03841675
 0.15832363 0.15832363 0.15832363 0.11175786 0.08032595 0.08032595
 0.08032595 0.08032595 0.08032595 0.42491269 0.46100113 0.42491269
 0.38533175 0.18742724 0.18742724 0.36903375 0.36903375 0.18742724
 0.2211874  0.15483122 0.06286379 0.04772992 0.03608848 0.02328289
 0.01164144 0.         0.         0.02328289 0.04772992 0.16530848
 0.1711292  0.1944121  0.2211874  0.23748544 0.1944121  0.18742724
 0.1711292  0.1944121  0.23050059 0.38533175 0.36321303 0.30384168
 0.24447028 0.21420255 0.3096624  0.16530848 0.13504075 0.08731083
 0.08731083 0.05820722 0.15133874 0.2048894  0.25378346 0.34575087
 0.56344587 0.77532011 0.96507567 1.         0.82421422 0.54016298
 0.35972059 0.26426074 0.24679859 0.1711292  0.15133874 0.09895227]
Iter: 010, Time: 213.8395 sec, Test MAE: 11.7154, Test MSE: 251.8885, Test R2: 0.2222, Test CORR: 0.4945, Test R2 Pred: 0.4945, Test CORR Pred: 0.2222


0.0153*sin(2.7312*x) + 0.4777*sin(6.2966*x) + sin(0.0869*sin(5.7971*x))
[0.02444704 0.02444704 0.02444704 0.03841675 0.03841675 0.15832363
 0.15832363 0.15832363 0.11175786 0.08032595 0.08032595 0.08032595
 0.08032595 0.08032595 0.42491269 0.46100113 0.42491269 0.38533175
 0.18742724 0.18742724 0.36903375 0.36903375 0.18742724 0.2211874
 0.15483122 0.06286379 0.04772992 0.03608848 0.02328289 0.01164144
 0.         0.         0.02328289 0.04772992 0.16530848 0.1711292
 0.1944121  0.2211874  0.23748544 0.1944121  0.18742724 0.1711292
 0.1944121  0.23050059 0.38533175 0.36321303 0.30384168 0.24447028
 0.21420255 0.3096624  0.16530848 0.13504075 0.08731083 0.08731083
 0.05820722 0.15133874 0.2048894  0.25378346 0.34575087 0.56344587
 0.77532011 0.96507567 1.         0.82421422 0.54016298 0.35972059
 0.26426074 0.24679859 0.1711292  0.15133874 0.09895227 0.06635621]
Iter: 011, Time: 191.1708 sec, Test MAE: 11.7113, Test MSE: 251.9187, Test R2: 0.2198, Test CORR: 0.4949, Test R2 Pred: 0.4949, Test CORR Pred: 0.2198


1.7139426*sin(0.0733*x) - 3.9289*sin(0.0876*x) + 2.5411*sin(0.0961*x)
[0.02444704 0.02444704 0.03841675 0.03841675 0.15832363 0.15832363
 0.15832363 0.11175786 0.08032595 0.08032595 0.08032595 0.08032595
 0.08032595 0.42491269 0.46100113 0.42491269 0.38533175 0.18742724
 0.18742724 0.36903375 0.36903375 0.18742724 0.2211874  0.15483122
 0.06286379 0.04772992 0.03608848 0.02328289 0.01164144 0.
 0.         0.02328289 0.04772992 0.16530848 0.1711292  0.1944121
 0.2211874  0.23748544 0.1944121  0.18742724 0.1711292  0.1944121
 0.23050059 0.38533175 0.36321303 0.30384168 0.24447028 0.21420255
 0.3096624  0.16530848 0.13504075 0.08731083 0.08731083 0.05820722
 0.15133874 0.2048894  0.25378346 0.34575087 0.56344587 0.77532011
 0.96507567 1.         0.82421422 0.54016298 0.35972059 0.26426074
 0.24679859 0.1711292  0.15133874 0.09895227 0.06635621 0.04423748]
Iter: 012, Time: 353.4984 sec, Test MAE: 10.9348, Test MSE: 196.7557, Test R2: 0.3892, Test CORR: 0.6239, Test R2 Pred: 0.6239, Test CORR Pred: 0.3892


0.00549999999999995*x
[0.02444704 0.03841675 0.03841675 0.15832363 0.15832363 0.15832363
 0.11175786 0.08032595 0.08032595 0.08032595 0.08032595 0.08032595
 0.42491269 0.46100113 0.42491269 0.38533175 0.18742724 0.18742724
 0.36903375 0.36903375 0.18742724 0.2211874  0.15483122 0.06286379
 0.04772992 0.03608848 0.02328289 0.01164144 0.         0.
 0.02328289 0.04772992 0.16530848 0.1711292  0.1944121  0.2211874
 0.23748544 0.1944121  0.18742724 0.1711292  0.1944121  0.23050059
 0.38533175 0.36321303 0.30384168 0.24447028 0.21420255 0.3096624
 0.16530848 0.13504075 0.08731083 0.08731083 0.05820722 0.15133874
 0.2048894  0.25378346 0.34575087 0.56344587 0.77532011 0.96507567
 1.         0.82421422 0.54016298 0.35972059 0.26426074 0.24679859
 0.1711292  0.15133874 0.09895227 0.06635621 0.04423748 0.02444704]
Iter: 013, Time: 146.7130 sec, Test MAE: 12.6138, Test MSE: 313.1548, Test R2: 0.0278, Test CORR: 0.3156, Test R2 Pred: 0.3156, Test CORR Pred: 0.0278


0.2928*sin(0.0257*x) - sin(0.1099*sin(0.3986*x))
[0.03841675 0.03841675 0.15832363 0.15832363 0.15832363 0.11175786
 0.08032595 0.08032595 0.08032595 0.08032595 0.08032595 0.42491269
 0.46100113 0.42491269 0.38533175 0.18742724 0.18742724 0.36903375
 0.36903375 0.18742724 0.2211874  0.15483122 0.06286379 0.04772992
 0.03608848 0.02328289 0.01164144 0.         0.         0.02328289
 0.04772992 0.16530848 0.1711292  0.1944121  0.2211874  0.23748544
 0.1944121  0.18742724 0.1711292  0.1944121  0.23050059 0.38533175
 0.36321303 0.30384168 0.24447028 0.21420255 0.3096624  0.16530848
 0.13504075 0.08731083 0.08731083 0.05820722 0.15133874 0.2048894
 0.25378346 0.34575087 0.56344587 0.77532011 0.96507567 1.
 0.82421422 0.54016298 0.35972059 0.26426074 0.24679859 0.1711292
 0.15133874 0.09895227 0.06635621 0.04423748 0.02444704 0.03841675]
Iter: 014, Time: 169.0524 sec, Test MAE: 12.2328, Test MSE: 265.9930, Test R2: 0.1728, Test CORR: 0.4607, Test R2 Pred: 0.4607, Test CORR Pred: 0.1728


0.3045*sin(0.027*x) - 0.1727*sin(0.2985*x) + 0.0834*sin(0.4637*x)
[0.03841675 0.15832363 0.15832363 0.15832363 0.11175786 0.08032595
 0.08032595 0.08032595 0.08032595 0.08032595 0.42491269 0.46100113
 0.42491269 0.38533175 0.18742724 0.18742724 0.36903375 0.36903375
 0.18742724 0.2211874  0.15483122 0.06286379 0.04772992 0.03608848
 0.02328289 0.01164144 0.         0.         0.02328289 0.04772992
 0.16530848 0.1711292  0.1944121  0.2211874  0.23748544 0.1944121
 0.18742724 0.1711292  0.1944121  0.23050059 0.38533175 0.36321303
 0.30384168 0.24447028 0.21420255 0.3096624  0.16530848 0.13504075
 0.08731083 0.08731083 0.05820722 0.15133874 0.2048894  0.25378346
 0.34575087 0.56344587 0.77532011 0.96507567 1.         0.82421422
 0.54016298 0.35972059 0.26426074 0.24679859 0.1711292  0.15133874
 0.09895227 0.06635621 0.04423748 0.02444704 0.03841675 0.02444704]
Iter: 015, Time: 221.6877 sec, Test MAE: 9.6088, Test MSE: 176.2497, Test R2: 0.4528, Test CORR: 0.6942, Test R2 Pred: 0.6942, Test CORR Pred: 0.4528


x + 141.2604*sin(0.0139*x) + 0.1761*sin(0.1442*x) + 266.6251*sin(6.2721*x)
[0.15832363 0.15832363 0.15832363 0.11175786 0.08032595 0.08032595
 0.08032595 0.08032595 0.08032595 0.42491269 0.46100113 0.42491269
 0.38533175 0.18742724 0.18742724 0.36903375 0.36903375 0.18742724
 0.2211874  0.15483122 0.06286379 0.04772992 0.03608848 0.02328289
 0.01164144 0.         0.         0.02328289 0.04772992 0.16530848
 0.1711292  0.1944121  0.2211874  0.23748544 0.1944121  0.18742724
 0.1711292  0.1944121  0.23050059 0.38533175 0.36321303 0.30384168
 0.24447028 0.21420255 0.3096624  0.16530848 0.13504075 0.08731083
 0.08731083 0.05820722 0.15133874 0.2048894  0.25378346 0.34575087
 0.56344587 0.77532011 0.96507567 1.         0.82421422 0.54016298
 0.35972059 0.26426074 0.24679859 0.1711292  0.15133874 0.09895227
 0.06635621 0.04423748 0.02444704 0.03841675 0.02444704 0.03841675]
Iter: 016, Time: 191.1542 sec, Test MAE: 12.9202, Test MSE: 306.3294, Test R2: 0.0490, Test CORR: 0.4780, Test R2 Pred: 0.4780, Test CORR Pred: 0.0490


0.3283*sin(0.024*x) + 0.044*sin(0.8247*x) + 0.3523*sin(5.9939*x) - 0.3411*sin(6.0099*x)
[0.15832363 0.15832363 0.11175786 0.08032595 0.08032595 0.08032595
 0.08032595 0.08032595 0.42491269 0.46100113 0.42491269 0.38533175
 0.18742724 0.18742724 0.36903375 0.36903375 0.18742724 0.2211874
 0.15483122 0.06286379 0.04772992 0.03608848 0.02328289 0.01164144
 0.         0.         0.02328289 0.04772992 0.16530848 0.1711292
 0.1944121  0.2211874  0.23748544 0.1944121  0.18742724 0.1711292
 0.1944121  0.23050059 0.38533175 0.36321303 0.30384168 0.24447028
 0.21420255 0.3096624  0.16530848 0.13504075 0.08731083 0.08731083
 0.05820722 0.15133874 0.2048894  0.25378346 0.34575087 0.56344587
 0.77532011 0.96507567 1.         0.82421422 0.54016298 0.35972059
 0.26426074 0.24679859 0.1711292  0.15133874 0.09895227 0.06635621
 0.04423748 0.02444704 0.03841675 0.02444704 0.03841675 0.02444704]
Iter: 017, Time: 211.3401 sec, Test MAE: 9.5960, Test MSE: 148.0121, Test R2: 0.5456, Test CORR: 0.7525, Test R2 Pred: 0.7525, Test CORR Pred: 0.5456


0.08422615*sin(0.3689*x) + 0.2894*sin(6.3185*x)
[0.15832363 0.11175786 0.08032595 0.08032595 0.08032595 0.08032595
 0.08032595 0.42491269 0.46100113 0.42491269 0.38533175 0.18742724
 0.18742724 0.36903375 0.36903375 0.18742724 0.2211874  0.15483122
 0.06286379 0.04772992 0.03608848 0.02328289 0.01164144 0.
 0.         0.02328289 0.04772992 0.16530848 0.1711292  0.1944121
 0.2211874  0.23748544 0.1944121  0.18742724 0.1711292  0.1944121
 0.23050059 0.38533175 0.36321303 0.30384168 0.24447028 0.21420255
 0.3096624  0.16530848 0.13504075 0.08731083 0.08731083 0.05820722
 0.15133874 0.2048894  0.25378346 0.34575087 0.56344587 0.77532011
 0.96507567 1.         0.82421422 0.54016298 0.35972059 0.26426074
 0.24679859 0.1711292  0.15133874 0.09895227 0.06635621 0.04423748
 0.02444704 0.03841675 0.02444704 0.03841675 0.02444704 0.03841675]
Iter: 018, Time: 155.9029 sec, Test MAE: 12.5695, Test MSE: 299.2953, Test R2: 0.0895, Test CORR: 0.3258, Test R2 Pred: 0.3258, Test CORR Pred: 0.0895


0.1879*sin(0.259*x) + 0.0152*sin(2.1832*x) + sin(0.2959*sin(0.0329*x))
[0.11175786 0.08032595 0.08032595 0.08032595 0.08032595 0.08032595
 0.42491269 0.46100113 0.42491269 0.38533175 0.18742724 0.18742724
 0.36903375 0.36903375 0.18742724 0.2211874  0.15483122 0.06286379
 0.04772992 0.03608848 0.02328289 0.01164144 0.         0.
 0.02328289 0.04772992 0.16530848 0.1711292  0.1944121  0.2211874
 0.23748544 0.1944121  0.18742724 0.1711292  0.1944121  0.23050059
 0.38533175 0.36321303 0.30384168 0.24447028 0.21420255 0.3096624
 0.16530848 0.13504075 0.08731083 0.08731083 0.05820722 0.15133874
 0.2048894  0.25378346 0.34575087 0.56344587 0.77532011 0.96507567
 1.         0.82421422 0.54016298 0.35972059 0.26426074 0.24679859
 0.1711292  0.15133874 0.09895227 0.06635621 0.04423748 0.02444704
 0.03841675 0.02444704 0.03841675 0.02444704 0.03841675 0.02444704]
Iter: 019, Time: 355.1906 sec, Test MAE: 11.1482, Test MSE: 199.1165, Test R2: 0.4007, Test CORR: 0.6356, Test R2 Pred: 0.6356, Test CORR Pred: 0.4007


-0.3934*sin(6.2395*x) + 0.2057*cos(3.1205*sin(3.1993*x))
[0.08032595 0.08032595 0.08032595 0.08032595 0.08032595 0.42491269
 0.46100113 0.42491269 0.38533175 0.18742724 0.18742724 0.36903375
 0.36903375 0.18742724 0.2211874  0.15483122 0.06286379 0.04772992
 0.03608848 0.02328289 0.01164144 0.         0.         0.02328289
 0.04772992 0.16530848 0.1711292  0.1944121  0.2211874  0.23748544
 0.1944121  0.18742724 0.1711292  0.1944121  0.23050059 0.38533175
 0.36321303 0.30384168 0.24447028 0.21420255 0.3096624  0.16530848
 0.13504075 0.08731083 0.08731083 0.05820722 0.15133874 0.2048894
 0.25378346 0.34575087 0.56344587 0.77532011 0.96507567 1.
 0.82421422 0.54016298 0.35972059 0.26426074 0.24679859 0.1711292
 0.15133874 0.09895227 0.06635621 0.04423748 0.02444704 0.03841675
 0.02444704 0.03841675 0.02444704 0.03841675 0.02444704 0.02444704]
Iter: 020, Time: 450.6292 sec, Test MAE: 11.2317, Test MSE: 199.9776, Test R2: 0.4029, Test CORR: 0.6372, Test R2 Pred: 0.6372, Test CORR Pred: 0.4029


0.295*sin(0.0402*x) + 0.0978*sin(0.3927*x) + 0.019*sin(1.3414*x)
[0.08032595 0.08032595 0.08032595 0.08032595 0.42491269 0.46100113
 0.42491269 0.38533175 0.18742724 0.18742724 0.36903375 0.36903375
 0.18742724 0.2211874  0.15483122 0.06286379 0.04772992 0.03608848
 0.02328289 0.01164144 0.         0.         0.02328289 0.04772992
 0.16530848 0.1711292  0.1944121  0.2211874  0.23748544 0.1944121
 0.18742724 0.1711292  0.1944121  0.23050059 0.38533175 0.36321303
 0.30384168 0.24447028 0.21420255 0.3096624  0.16530848 0.13504075
 0.08731083 0.08731083 0.05820722 0.15133874 0.2048894  0.25378346
 0.34575087 0.56344587 0.77532011 0.96507567 1.         0.82421422
 0.54016298 0.35972059 0.26426074 0.24679859 0.1711292  0.15133874
 0.09895227 0.06635621 0.04423748 0.02444704 0.03841675 0.02444704
 0.03841675 0.02444704 0.03841675 0.02444704 0.02444704 0.01047729]
Iter: 021, Time: 180.2719 sec, Test MAE: 12.7639, Test MSE: 294.4268, Test R2: 0.1272, Test CORR: 0.3695, Test R2 Pred: 0.3695, Test CORR Pred: 0.1272


0.3108*sin(0.0407*x) - 0.0738*sin(0.3386*x) - sin(0.0115*sin(3.5631*x))
[0.09403671 0.09403671 0.09403671 0.43348625 0.46903673 0.43348625
 0.39449546 0.19954132 0.19954132 0.37844038 0.37844038 0.19954132
 0.23279816 0.16743122 0.07683487 0.06192663 0.05045874 0.03784405
 0.02637616 0.01490827 0.01490827 0.03784405 0.06192663 0.1777523
 0.18348624 0.20642203 0.23279816 0.24885322 0.20642203 0.19954132
 0.18348624 0.20642203 0.24197251 0.39449546 0.37270644 0.31422022
 0.25573394 0.22591744 0.31995416 0.1777523  0.14793581 0.10091745
 0.10091745 0.07224772 0.16399083 0.21674314 0.26490828 0.3555046
 0.56995416 0.77866966 0.96559632 1.         0.82683498 0.54701835
 0.36926606 0.27522936 0.25802752 0.18348624 0.16399083 0.11238534
 0.08027523 0.05848625 0.03899084 0.0527523  0.03899084 0.0527523
 0.03899084 0.0527523  0.03899084 0.03899084 0.02522937 0.        ]
Iter: 022, Time: 211.5008 sec, Test MAE: 12.5901, Test MSE: 315.4173, Test R2: 0.0748, Test CORR: 0.3325, Test R2 Pred: 0.3325, Test CORR Pred: 0.0748


x + 30.3385*sin(0.0421*x) + 83.1793*sin(6.2636*x) + 12.5828*sin(12.5149*x)
[0.09403671 0.09403671 0.43348625 0.46903673 0.43348625 0.39449546
 0.19954132 0.19954132 0.37844038 0.37844038 0.19954132 0.23279816
 0.16743122 0.07683487 0.06192663 0.05045874 0.03784405 0.02637616
 0.01490827 0.01490827 0.03784405 0.06192663 0.1777523  0.18348624
 0.20642203 0.23279816 0.24885322 0.20642203 0.19954132 0.18348624
 0.20642203 0.24197251 0.39449546 0.37270644 0.31422022 0.25573394
 0.22591744 0.31995416 0.1777523  0.14793581 0.10091745 0.10091745
 0.07224772 0.16399083 0.21674314 0.26490828 0.3555046  0.56995416
 0.77866966 0.96559632 1.         0.82683498 0.54701835 0.36926606
 0.27522936 0.25802752 0.18348624 0.16399083 0.11238534 0.08027523
 0.05848625 0.03899084 0.0527523  0.03899084 0.0527523  0.03899084
 0.0527523  0.03899084 0.03899084 0.02522937 0.         0.        ]
Iter: 023, Time: 143.4067 sec, Test MAE: 12.0780, Test MSE: 338.0754, Test R2: 0.0186, Test CORR: 0.4467, Test R2 Pred: 0.4467, Test CORR Pred: 0.0186


0.3063*sin(0.0401*x) + 0.1331*sin(0.1622*x) + 0.1862*sin(0.2865*x)
[0.09403671 0.43348625 0.46903673 0.43348625 0.39449546 0.19954132
 0.19954132 0.37844038 0.37844038 0.19954132 0.23279816 0.16743122
 0.07683487 0.06192663 0.05045874 0.03784405 0.02637616 0.01490827
 0.01490827 0.03784405 0.06192663 0.1777523  0.18348624 0.20642203
 0.23279816 0.24885322 0.20642203 0.19954132 0.18348624 0.20642203
 0.24197251 0.39449546 0.37270644 0.31422022 0.25573394 0.22591744
 0.31995416 0.1777523  0.14793581 0.10091745 0.10091745 0.07224772
 0.16399083 0.21674314 0.26490828 0.3555046  0.56995416 0.77866966
 0.96559632 1.         0.82683498 0.54701835 0.36926606 0.27522936
 0.25802752 0.18348624 0.16399083 0.11238534 0.08027523 0.05848625
 0.03899084 0.0527523  0.03899084 0.0527523  0.03899084 0.0527523
 0.03899084 0.03899084 0.02522937 0.         0.         0.        ]
Iter: 024, Time: 202.6360 sec, Test MAE: 9.2513, Test MSE: 136.2224, Test R2: 0.6085, Test CORR: 0.7801, Test R2 Pred: 0.7801, Test CORR Pred: 0.6085


0.32324859*sin(0.042*x) + 0.1174*sin(0.4273*x)
[0.44054356 0.47565117 0.44054356 0.40203848 0.20951302 0.20951302
 0.38618344 0.38618344 0.20951302 0.24235557 0.17780295 0.08833521
 0.07361268 0.06228765 0.04983012 0.03850509 0.02718006 0.02718006
 0.04983012 0.07361268 0.18799545 0.19365796 0.21630801 0.24235557
 0.25821063 0.21630801 0.20951302 0.19365796 0.21630801 0.25141564
 0.40203848 0.38052091 0.32276329 0.26500562 0.23556057 0.32842579
 0.18799545 0.1585504  0.11211777 0.11211777 0.0838052  0.17440541
 0.22650056 0.27406567 0.36353338 0.57531142 0.78142691 0.96602494
 1.         0.82899201 0.55266136 0.37712342 0.28425819 0.26727065
 0.19365796 0.17440541 0.1234428  0.09173271 0.07021516 0.05096263
 0.06455265 0.05096263 0.06455265 0.05096263 0.06455265 0.05096263
 0.05096263 0.03737258 0.01245751 0.01245751 0.01245751 0.        ]
Iter: 025, Time: 186.2971 sec, Test MAE: 12.6917, Test MSE: 294.6980, Test R2: 0.1630, Test CORR: 0.4374, Test R2 Pred: 0.4374, Test CORR Pred: 0.1630


0.32813536*sin(0.9752*x)**2
[0.48726466 0.45293462 0.41528237 0.22702104 0.22702104 0.39977849
 0.39977849 0.22702104 0.25913617 0.19601329 0.10852713 0.09413068
 0.08305649 0.07087486 0.05980067 0.04872647 0.04872647 0.07087486
 0.09413068 0.20598005 0.21151714 0.23366554 0.25913617 0.27464008
 0.23366554 0.22702104 0.21151714 0.23366554 0.26799557 0.41528237
 0.39424139 0.33776301 0.28128457 0.25249168 0.3433001  0.20598005
 0.17718714 0.13178295 0.13178295 0.10409746 0.192691   0.24363233
 0.29014397 0.37763008 0.58471757 0.786268   0.96677738 1.
 0.83277965 0.5625692  0.39091915 0.30011073 0.28349942 0.21151714
 0.192691   0.14285715 0.11184938 0.09080841 0.07198229 0.08527131
 0.07198229 0.08527131 0.07198229 0.08527131 0.07198229 0.07198229
 0.05869325 0.03433    0.03433    0.03433    0.0221484  0.        ]
Iter: 026, Time: 177.4708 sec, Test MAE: 16.2346, Test MSE: 509.9458, Test R2: -0.4403, Test CORR: 0.0215, Test R2 Pred: 0.0215, Test CORR Pred: -0.4403


0.0438*sin(0.5902*x) + sin(0.3546*sin(0.0441*x))
[0.45293462 0.41528237 0.22702104 0.22702104 0.39977849 0.39977849
 0.22702104 0.25913617 0.19601329 0.10852713 0.09413068 0.08305649
 0.07087486 0.05980067 0.04872647 0.04872647 0.07087486 0.09413068
 0.20598005 0.21151714 0.23366554 0.25913617 0.27464008 0.23366554
 0.22702104 0.21151714 0.23366554 0.26799557 0.41528237 0.39424139
 0.33776301 0.28128457 0.25249168 0.3433001  0.20598005 0.17718714
 0.13178295 0.13178295 0.10409746 0.192691   0.24363233 0.29014397
 0.37763008 0.58471757 0.786268   0.96677738 1.         0.83277965
 0.5625692  0.39091915 0.30011073 0.28349942 0.21151714 0.192691
 0.14285715 0.11184938 0.09080841 0.07198229 0.08527131 0.07198229
 0.08527131 0.07198229 0.08527131 0.07198229 0.07198229 0.05869325
 0.03433    0.03433    0.03433    0.0221484  0.         0.00996678]
Iter: 027, Time: 168.1667 sec, Test MAE: 12.5143, Test MSE: 306.5515, Test R2: 0.1317, Test CORR: 0.3942, Test R2 Pred: 0.3942, Test CORR Pred: 0.1317


0.3579*sin(0.0461*x) + 0.1752*sin(0.3115*x) + 0.12681268*sin(0.4599*x)
[0.41528237 0.22702104 0.22702104 0.39977849 0.39977849 0.22702104
 0.25913617 0.19601329 0.10852713 0.09413068 0.08305649 0.07087486
 0.05980067 0.04872647 0.04872647 0.07087486 0.09413068 0.20598005
 0.21151714 0.23366554 0.25913617 0.27464008 0.23366554 0.22702104
 0.21151714 0.23366554 0.26799557 0.41528237 0.39424139 0.33776301
 0.28128457 0.25249168 0.3433001  0.20598005 0.17718714 0.13178295
 0.13178295 0.10409746 0.192691   0.24363233 0.29014397 0.37763008
 0.58471757 0.786268   0.96677738 1.         0.83277965 0.5625692
 0.39091915 0.30011073 0.28349942 0.21151714 0.192691   0.14285715
 0.11184938 0.09080841 0.07198229 0.08527131 0.07198229 0.08527131
 0.07198229 0.08527131 0.07198229 0.07198229 0.05869325 0.03433
 0.03433    0.03433    0.0221484  0.         0.00996678 0.0221484 ]
Iter: 028, Time: 196.3035 sec, Test MAE: 8.1095, Test MSE: 120.2873, Test R2: 0.6589, Test CORR: 0.8121, Test R2 Pred: 0.8121, Test CORR Pred: 0.6589


0.3605*sin(0.0469*x) + 0.1713*sin(0.3191*x) + 0.0556*sin(0.7503*x) + 0.1263*sin(6.7546*x)
[0.22702104 0.22702104 0.39977849 0.39977849 0.22702104 0.25913617
 0.19601329 0.10852713 0.09413068 0.08305649 0.07087486 0.05980067
 0.04872647 0.04872647 0.07087486 0.09413068 0.20598005 0.21151714
 0.23366554 0.25913617 0.27464008 0.23366554 0.22702104 0.21151714
 0.23366554 0.26799557 0.41528237 0.39424139 0.33776301 0.28128457
 0.25249168 0.3433001  0.20598005 0.17718714 0.13178295 0.13178295
 0.10409746 0.192691   0.24363233 0.29014397 0.37763008 0.58471757
 0.786268   0.96677738 1.         0.83277965 0.5625692  0.39091915
 0.30011073 0.28349942 0.21151714 0.192691   0.14285715 0.11184938
 0.09080841 0.07198229 0.08527131 0.07198229 0.08527131 0.07198229
 0.08527131 0.07198229 0.07198229 0.05869325 0.03433    0.03433
 0.03433    0.0221484  0.         0.00996678 0.0221484  0.0221484 ]
Iter: 029, Time: 170.4226 sec, Test MAE: 7.6937, Test MSE: 99.7320, Test R2: 0.7178, Test CORR: 0.8492, Test R2 Pred: 0.8492, Test CORR Pred: 0.7178


0.3546*sin(0.0463*x) + 0.1418*sin(0.3251*x)
[0.22702104 0.39977849 0.39977849 0.22702104 0.25913617 0.19601329
 0.10852713 0.09413068 0.08305649 0.07087486 0.05980067 0.04872647
 0.04872647 0.07087486 0.09413068 0.20598005 0.21151714 0.23366554
 0.25913617 0.27464008 0.23366554 0.22702104 0.21151714 0.23366554
 0.26799557 0.41528237 0.39424139 0.33776301 0.28128457 0.25249168
 0.3433001  0.20598005 0.17718714 0.13178295 0.13178295 0.10409746
 0.192691   0.24363233 0.29014397 0.37763008 0.58471757 0.786268
 0.96677738 1.         0.83277965 0.5625692  0.39091915 0.30011073
 0.28349942 0.21151714 0.192691   0.14285715 0.11184938 0.09080841
 0.07198229 0.08527131 0.07198229 0.08527131 0.07198229 0.08527131
 0.07198229 0.07198229 0.05869325 0.03433    0.03433    0.03433
 0.0221484  0.         0.00996678 0.0221484  0.0221484  0.0221484 ]
Iter: 030, Time: 190.5744 sec, Test MAE: 9.8253, Test MSE: 191.8607, Test R2: 0.4640, Test CORR: 0.6815, Test R2 Pred: 0.6815, Test CORR Pred: 0.4640


0.3506*sin(0.0453*x) + 0.1189*sin(0.1873*x) + 0.1453*sin(0.3376*x) + 0.1083*sin(0.4911*x)
[0.39977849 0.39977849 0.22702104 0.25913617 0.19601329 0.10852713
 0.09413068 0.08305649 0.07087486 0.05980067 0.04872647 0.04872647
 0.07087486 0.09413068 0.20598005 0.21151714 0.23366554 0.25913617
 0.27464008 0.23366554 0.22702104 0.21151714 0.23366554 0.26799557
 0.41528237 0.39424139 0.33776301 0.28128457 0.25249168 0.3433001
 0.20598005 0.17718714 0.13178295 0.13178295 0.10409746 0.192691
 0.24363233 0.29014397 0.37763008 0.58471757 0.786268   0.96677738
 1.         0.83277965 0.5625692  0.39091915 0.30011073 0.28349942
 0.21151714 0.192691   0.14285715 0.11184938 0.09080841 0.07198229
 0.08527131 0.07198229 0.08527131 0.07198229 0.08527131 0.07198229
 0.07198229 0.05869325 0.03433    0.03433    0.03433    0.0221484
 0.         0.00996678 0.0221484  0.0221484  0.0221484  0.0221484 ]
Iter: 031, Time: 201.1184 sec, Test MAE: 6.9565, Test MSE: 102.5432, Test R2: 0.7170, Test CORR: 0.8485, Test R2 Pred: 0.8485, Test CORR Pred: 0.7170


0.352*sin(0.0464*x) + 0.1146*sin(0.3469*x)
[0.39977849 0.22702104 0.25913617 0.19601329 0.10852713 0.09413068
 0.08305649 0.07087486 0.05980067 0.04872647 0.04872647 0.07087486
 0.09413068 0.20598005 0.21151714 0.23366554 0.25913617 0.27464008
 0.23366554 0.22702104 0.21151714 0.23366554 0.26799557 0.41528237
 0.39424139 0.33776301 0.28128457 0.25249168 0.3433001  0.20598005
 0.17718714 0.13178295 0.13178295 0.10409746 0.192691   0.24363233
 0.29014397 0.37763008 0.58471757 0.786268   0.96677738 1.
 0.83277965 0.5625692  0.39091915 0.30011073 0.28349942 0.21151714
 0.192691   0.14285715 0.11184938 0.09080841 0.07198229 0.08527131
 0.07198229 0.08527131 0.07198229 0.08527131 0.07198229 0.07198229
 0.05869325 0.03433    0.03433    0.03433    0.0221484  0.
 0.00996678 0.0221484  0.0221484  0.0221484  0.0221484  0.0221484 ]
Iter: 032, Time: 306.6690 sec, Test MAE: 10.4041, Test MSE: 199.5274, Test R2: 0.4501, Test CORR: 0.6718, Test R2 Pred: 0.6718, Test CORR Pred: 0.4501


0.1182*sin(0.3592*x) + 0.0776*sin(0.516*x) + 0.4161*sin(3.1414*x) + sin(0.35659566*sin(0.0469*x))
[0.22702104 0.25913617 0.19601329 0.10852713 0.09413068 0.08305649
 0.07087486 0.05980067 0.04872647 0.04872647 0.07087486 0.09413068
 0.20598005 0.21151714 0.23366554 0.25913617 0.27464008 0.23366554
 0.22702104 0.21151714 0.23366554 0.26799557 0.41528237 0.39424139
 0.33776301 0.28128457 0.25249168 0.3433001  0.20598005 0.17718714
 0.13178295 0.13178295 0.10409746 0.192691   0.24363233 0.29014397
 0.37763008 0.58471757 0.786268   0.96677738 1.         0.83277965
 0.5625692  0.39091915 0.30011073 0.28349942 0.21151714 0.192691
 0.14285715 0.11184938 0.09080841 0.07198229 0.08527131 0.07198229
 0.08527131 0.07198229 0.08527131 0.07198229 0.07198229 0.05869325
 0.03433    0.03433    0.03433    0.0221484  0.         0.00996678
 0.0221484  0.0221484  0.0221484  0.0221484  0.0221484  0.0221484 ]
Iter: 033, Time: 292.0592 sec, Test MAE: 9.9754, Test MSE: 164.0994, Test R2: 0.5477, Test CORR: 0.7401, Test R2 Pred: 0.7401, Test CORR Pred: 0.5477


0.3845*sin(0.0483*x) + 0.1146*sin(0.2023*x) + 0.01240124*sin(1.7738*x)
[0.27518958 0.21343446 0.12784399 0.11375949 0.10292525 0.09100759
 0.08017335 0.06933912 0.06933912 0.09100759 0.11375949 0.22318524
 0.22860236 0.25027084 0.27518958 0.2903575  0.25027084 0.2437703
 0.22860236 0.25027084 0.28385699 0.42795232 0.40736726 0.35211265
 0.29685804 0.26868904 0.35752979 0.22318524 0.19501625 0.15059589
 0.15059589 0.12351029 0.21018416 0.26002166 0.30552545 0.3911159
 0.59371614 0.79089922 0.96749729 1.         0.83640307 0.57204765
 0.40411699 0.31527624 0.29902488 0.22860236 0.21018416 0.16143012
 0.13109425 0.1105092  0.09209102 0.10509209 0.09209102 0.10509209
 0.09209102 0.10509209 0.09209102 0.09209102 0.07908992 0.0552546
 0.0552546  0.0552546  0.04333695 0.02166847 0.03141929 0.04333695
 0.04333695 0.04333695 0.04333695 0.04333695 0.04333695 0.        ]
Iter: 034, Time: 337.5367 sec, Test MAE: 9.0602, Test MSE: 176.6557, Test R2: 0.5209, Test CORR: 0.7226, Test R2 Pred: 0.7226, Test CORR Pred: 0.5209


x - 114.1915*sin(0.0142*x) + 26.2355*sin(0.0247*x) + 0.0276*sin(1.0473*x)
[0.21343446 0.12784399 0.11375949 0.10292525 0.09100759 0.08017335
 0.06933912 0.06933912 0.09100759 0.11375949 0.22318524 0.22860236
 0.25027084 0.27518958 0.2903575  0.25027084 0.2437703  0.22860236
 0.25027084 0.28385699 0.42795232 0.40736726 0.35211265 0.29685804
 0.26868904 0.35752979 0.22318524 0.19501625 0.15059589 0.15059589
 0.12351029 0.21018416 0.26002166 0.30552545 0.3911159  0.59371614
 0.79089922 0.96749729 1.         0.83640307 0.57204765 0.40411699
 0.31527624 0.29902488 0.22860236 0.21018416 0.16143012 0.13109425
 0.1105092  0.09209102 0.10509209 0.09209102 0.10509209 0.09209102
 0.10509209 0.09209102 0.09209102 0.07908992 0.0552546  0.0552546
 0.0552546  0.04333695 0.02166847 0.03141929 0.04333695 0.04333695
 0.04333695 0.04333695 0.04333695 0.04333695 0.         0.00975082]
Iter: 035, Time: 166.0745 sec, Test MAE: 15.5849, Test MSE: 330.8819, Test R2: 0.1143, Test CORR: 0.6273, Test R2 Pred: 0.6273, Test CORR Pred: 0.1143


0.3804*sin(0.0492*x) + 0.1131*sin(0.3828*x) + 1.0361*sin(3.1416*x) + 0.0713*sin(5.8034*x)
[0.12784399 0.11375949 0.10292525 0.09100759 0.08017335 0.06933912
 0.06933912 0.09100759 0.11375949 0.22318524 0.22860236 0.25027084
 0.27518958 0.2903575  0.25027084 0.2437703  0.22860236 0.25027084
 0.28385699 0.42795232 0.40736726 0.35211265 0.29685804 0.26868904
 0.35752979 0.22318524 0.19501625 0.15059589 0.15059589 0.12351029
 0.21018416 0.26002166 0.30552545 0.3911159  0.59371614 0.79089922
 0.96749729 1.         0.83640307 0.57204765 0.40411699 0.31527624
 0.29902488 0.22860236 0.21018416 0.16143012 0.13109425 0.1105092
 0.09209102 0.10509209 0.09209102 0.10509209 0.09209102 0.10509209
 0.09209102 0.09209102 0.07908992 0.0552546  0.0552546  0.0552546
 0.04333695 0.02166847 0.03141929 0.04333695 0.04333695 0.04333695
 0.04333695 0.04333695 0.04333695 0.         0.00975082 0.        ]
Iter: 036, Time: 157.3660 sec, Test MAE: 9.2849, Test MSE: 155.3814, Test R2: 0.5902, Test CORR: 0.7694, Test R2 Pred: 0.7694, Test CORR Pred: 0.5902


0.13635116*sin(0.2148*x) - 0.0161*sin(4.5565*x) - 0.3987*sin(6.2325*x)
[0.12137488 0.11063374 0.09881848 0.08807734 0.07733621 0.07733621
 0.09881848 0.12137488 0.22986037 0.23523094 0.25671321 0.28141782
 0.29645544 0.25671321 0.25026855 0.23523094 0.25671321 0.29001078
 0.43286791 0.41245973 0.35767996 0.30290011 0.27497315 0.36305052
 0.22986037 0.20193341 0.15789475 0.15789475 0.1310419  0.216971
 0.26638025 0.31149304 0.39634803 0.59720731 0.792696   0.9677766
 1.         0.83780885 0.57572502 0.40923735 0.32116005 0.30504835
 0.23523094 0.216971   0.16863589 0.13856068 0.11815253 0.0998926
 0.11278196 0.0998926  0.11278196 0.0998926  0.11278196 0.0998926
 0.0998926  0.08700323 0.06337272 0.06337272 0.06337272 0.05155748
 0.03007519 0.03974222 0.05155748 0.05155748 0.05155748 0.05155748
 0.05155748 0.05155748 0.00859291 0.01825994 0.00859291 0.        ]
Iter: 037, Time: 182.0601 sec, Test MAE: 8.7716, Test MSE: 149.6591, Test R2: 0.6104, Test CORR: 0.7816, Test R2 Pred: 0.7816, Test CORR Pred: 0.6104


0.4016*sin(0.0499*x) + 0.1059*sin(6.685*x)
[0.12565999 0.11404435 0.10348469 0.09292503 0.09292503 0.11404435
 0.13621965 0.24287224 0.24815206 0.2692714  0.2935586  0.30834216
 0.2692714  0.26293561 0.24815206 0.2692714  0.30200636 0.44244987
 0.4223865  0.36853224 0.31467792 0.28722283 0.37381208 0.24287224
 0.21541713 0.17212249 0.17212249 0.14572334 0.23020063 0.2787751
 0.32312569 0.40654701 0.60401273 0.79619849 0.96832103 1.
 0.84054911 0.58289337 0.4192186  0.33262935 0.31678987 0.24815206
 0.23020063 0.18268216 0.15311509 0.13305174 0.11510032 0.12777191
 0.11510032 0.12777191 0.11510032 0.12777191 0.11510032 0.11510032
 0.10242873 0.07919746 0.07919746 0.07919746 0.06758185 0.04646251
 0.05596621 0.06758185 0.06758185 0.06758185 0.06758185 0.06758185
 0.06758185 0.02534319 0.03484689 0.02534319 0.01689545 0.        ]
Iter: 038, Time: 336.8531 sec, Test MAE: 10.2737, Test MSE: 188.1896, Test R2: 0.5171, Test CORR: 0.7246, Test R2 Pred: 0.7246, Test CORR Pred: 0.5171


x + 105.77672514*sin(6.2719*x) + 6.8184*sin(12.5986*x)
[0.12054507 0.11006289 0.09958071 0.09958071 0.12054507 0.14255765
 0.24842766 0.25366876 0.27463311 0.29874212 0.3134172  0.27463311
 0.26834381 0.25366876 0.27463311 0.30712789 0.44654086 0.42662469
 0.37316561 0.31970647 0.29245281 0.37840667 0.24842766 0.221174
 0.17819706 0.17819706 0.15199161 0.23584904 0.28406709 0.32809225
 0.41090143 0.60691822 0.79769391 0.96855348 1.         0.84171909
 0.58595389 0.42348009 0.33752617 0.32180291 0.25366876 0.23584904
 0.18867925 0.15932913 0.13941298 0.1215933  0.1341719  0.1215933
 0.1341719  0.1215933  0.1341719  0.1215933  0.1215933  0.10901467
 0.08595386 0.08595386 0.08595386 0.07442348 0.05345911 0.06289308
 0.07442348 0.07442348 0.07442348 0.07442348 0.07442348 0.07442348
 0.03249475 0.04192872 0.03249475 0.02410901 0.00733752 0.        ]
Iter: 039, Time: 332.9068 sec, Test MAE: 11.5483, Test MSE: 237.3626, Test R2: 0.3997, Test CORR: 0.6665, Test R2 Pred: 0.6665, Test CORR Pred: 0.3997


0.4165*sin(0.052*x) + 0.163*sin(0.2261*x) + 0.1225*sin(5.9438*x)
[0.11006289 0.09958071 0.09958071 0.12054507 0.14255765 0.24842766
 0.25366876 0.27463311 0.29874212 0.3134172  0.27463311 0.26834381
 0.25366876 0.27463311 0.30712789 0.44654086 0.42662469 0.37316561
 0.31970647 0.29245281 0.37840667 0.24842766 0.221174   0.17819706
 0.17819706 0.15199161 0.23584904 0.28406709 0.32809225 0.41090143
 0.60691822 0.79769391 0.96855348 1.         0.84171909 0.58595389
 0.42348009 0.33752617 0.32180291 0.25366876 0.23584904 0.18867925
 0.15932913 0.13941298 0.1215933  0.1341719  0.1215933  0.1341719
 0.1215933  0.1341719  0.1215933  0.1215933  0.10901467 0.08595386
 0.08595386 0.08595386 0.07442348 0.05345911 0.06289308 0.07442348
 0.07442348 0.07442348 0.07442348 0.07442348 0.07442348 0.03249475
 0.04192872 0.03249475 0.02410901 0.00733752 0.         0.01467505]
Iter: 040, Time: 446.5417 sec, Test MAE: 7.5353, Test MSE: 94.2698, Test R2: 0.7643, Test CORR: 0.8786, Test R2 Pred: 0.8786, Test CORR Pred: 0.7643


0.352039*sin(0.0174*x) + 0.0104*sin(1.759*x) + 0.3025*sin(6.3551*x)
[0.09958071 0.09958071 0.12054507 0.14255765 0.24842766 0.25366876
 0.27463311 0.29874212 0.3134172  0.27463311 0.26834381 0.25366876
 0.27463311 0.30712789 0.44654086 0.42662469 0.37316561 0.31970647
 0.29245281 0.37840667 0.24842766 0.221174   0.17819706 0.17819706
 0.15199161 0.23584904 0.28406709 0.32809225 0.41090143 0.60691822
 0.79769391 0.96855348 1.         0.84171909 0.58595389 0.42348009
 0.33752617 0.32180291 0.25366876 0.23584904 0.18867925 0.15932913
 0.13941298 0.1215933  0.1341719  0.1215933  0.1341719  0.1215933
 0.1341719  0.1215933  0.1215933  0.10901467 0.08595386 0.08595386
 0.08595386 0.07442348 0.05345911 0.06289308 0.07442348 0.07442348
 0.07442348 0.07442348 0.07442348 0.07442348 0.03249475 0.04192872
 0.03249475 0.02410901 0.00733752 0.         0.01467505 0.00733752]
Iter: 041, Time: 246.0498 sec, Test MAE: 9.4275, Test MSE: 211.8773, Test R2: 0.4761, Test CORR: 0.6927, Test R2 Pred: 0.6927, Test CORR Pred: 0.4761


0.4*sin(0.0521*x) + 0.1345*sin(0.2295*x) + 1.0485*sin(3.1415*x)
[0.09958071 0.12054507 0.14255765 0.24842766 0.25366876 0.27463311
 0.29874212 0.3134172  0.27463311 0.26834381 0.25366876 0.27463311
 0.30712789 0.44654086 0.42662469 0.37316561 0.31970647 0.29245281
 0.37840667 0.24842766 0.221174   0.17819706 0.17819706 0.15199161
 0.23584904 0.28406709 0.32809225 0.41090143 0.60691822 0.79769391
 0.96855348 1.         0.84171909 0.58595389 0.42348009 0.33752617
 0.32180291 0.25366876 0.23584904 0.18867925 0.15932913 0.13941298
 0.1215933  0.1341719  0.1215933  0.1341719  0.1215933  0.1341719
 0.1215933  0.1215933  0.10901467 0.08595386 0.08595386 0.08595386
 0.07442348 0.05345911 0.06289308 0.07442348 0.07442348 0.07442348
 0.07442348 0.07442348 0.07442348 0.03249475 0.04192872 0.03249475
 0.02410901 0.00733752 0.         0.01467505 0.00733752 0.03249475]
Iter: 042, Time: 250.0409 sec, Test MAE: 9.9756, Test MSE: 201.5573, Test R2: 0.5051, Test CORR: 0.7279, Test R2 Pred: 0.7279, Test CORR Pred: 0.5051


0.349059*sin(0.9754*x)*sin(0.9891*x)
[0.12054507 0.14255765 0.24842766 0.25366876 0.27463311 0.29874212
 0.3134172  0.27463311 0.26834381 0.25366876 0.27463311 0.30712789
 0.44654086 0.42662469 0.37316561 0.31970647 0.29245281 0.37840667
 0.24842766 0.221174   0.17819706 0.17819706 0.15199161 0.23584904
 0.28406709 0.32809225 0.41090143 0.60691822 0.79769391 0.96855348
 1.         0.84171909 0.58595389 0.42348009 0.33752617 0.32180291
 0.25366876 0.23584904 0.18867925 0.15932913 0.13941298 0.1215933
 0.1341719  0.1215933  0.1341719  0.1215933  0.1341719  0.1215933
 0.1215933  0.10901467 0.08595386 0.08595386 0.08595386 0.07442348
 0.05345911 0.06289308 0.07442348 0.07442348 0.07442348 0.07442348
 0.07442348 0.07442348 0.03249475 0.04192872 0.03249475 0.02410901
 0.00733752 0.         0.01467505 0.00733752 0.03249475 0.01467505]
Iter: 043, Time: 150.7441 sec, Test MAE: 16.8574, Test MSE: 557.2472, Test R2: -0.3559, Test CORR: 0.1292, Test R2 Pred: 0.1292, Test CORR Pred: -0.3559


0.3541*sin(0.0457*x) + 0.1751*sin(0.0924*x) + 0.0734*sin(0.4891*x) + 0.7682*sin(3.1416*x)
[0.14255765 0.24842766 0.25366876 0.27463311 0.29874212 0.3134172
 0.27463311 0.26834381 0.25366876 0.27463311 0.30712789 0.44654086
 0.42662469 0.37316561 0.31970647 0.29245281 0.37840667 0.24842766
 0.221174   0.17819706 0.17819706 0.15199161 0.23584904 0.28406709
 0.32809225 0.41090143 0.60691822 0.79769391 0.96855348 1.
 0.84171909 0.58595389 0.42348009 0.33752617 0.32180291 0.25366876
 0.23584904 0.18867925 0.15932913 0.13941298 0.1215933  0.1341719
 0.1215933  0.1341719  0.1215933  0.1341719  0.1215933  0.1215933
 0.10901467 0.08595386 0.08595386 0.08595386 0.07442348 0.05345911
 0.06289308 0.07442348 0.07442348 0.07442348 0.07442348 0.07442348
 0.07442348 0.03249475 0.04192872 0.03249475 0.02410901 0.00733752
 0.         0.01467505 0.00733752 0.03249475 0.01467505 0.02830188]
Iter: 044, Time: 231.6886 sec, Test MAE: 10.3609, Test MSE: 198.9384, Test R2: 0.5202, Test CORR: 0.7249, Test R2 Pred: 0.7249, Test CORR Pred: 0.5202


0.1401*sin(0.1077*x) + 0.12261226*sin(0.2931*x) + 0.3991*sin(6.3353*x)
[0.24842766 0.25366876 0.27463311 0.29874212 0.3134172  0.27463311
 0.26834381 0.25366876 0.27463311 0.30712789 0.44654086 0.42662469
 0.37316561 0.31970647 0.29245281 0.37840667 0.24842766 0.221174
 0.17819706 0.17819706 0.15199161 0.23584904 0.28406709 0.32809225
 0.41090143 0.60691822 0.79769391 0.96855348 1.         0.84171909
 0.58595389 0.42348009 0.33752617 0.32180291 0.25366876 0.23584904
 0.18867925 0.15932913 0.13941298 0.1215933  0.1341719  0.1215933
 0.1341719  0.1215933  0.1341719  0.1215933  0.1215933  0.10901467
 0.08595386 0.08595386 0.08595386 0.07442348 0.05345911 0.06289308
 0.07442348 0.07442348 0.07442348 0.07442348 0.07442348 0.07442348
 0.03249475 0.04192872 0.03249475 0.02410901 0.00733752 0.
 0.01467505 0.00733752 0.03249475 0.01467505 0.02830188 0.02410901]
Iter: 045, Time: 204.7070 sec, Test MAE: 9.3231, Test MSE: 164.4601, Test R2: 0.6074, Test CORR: 0.7818, Test R2 Pred: 0.7818, Test CORR Pred: 0.6074


0.3788*sin(0.0533*x) + 0.1428*sin(0.2962*x) + 1.4641*sin(3.1416*x)
[0.25366876 0.27463311 0.29874212 0.3134172  0.27463311 0.26834381
 0.25366876 0.27463311 0.30712789 0.44654086 0.42662469 0.37316561
 0.31970647 0.29245281 0.37840667 0.24842766 0.221174   0.17819706
 0.17819706 0.15199161 0.23584904 0.28406709 0.32809225 0.41090143
 0.60691822 0.79769391 0.96855348 1.         0.84171909 0.58595389
 0.42348009 0.33752617 0.32180291 0.25366876 0.23584904 0.18867925
 0.15932913 0.13941298 0.1215933  0.1341719  0.1215933  0.1341719
 0.1215933  0.1341719  0.1215933  0.1215933  0.10901467 0.08595386
 0.08595386 0.08595386 0.07442348 0.05345911 0.06289308 0.07442348
 0.07442348 0.07442348 0.07442348 0.07442348 0.07442348 0.03249475
 0.04192872 0.03249475 0.02410901 0.00733752 0.         0.01467505
 0.00733752 0.03249475 0.01467505 0.02830188 0.02410901 0.01467505]
Iter: 046, Time: 217.5483 sec, Test MAE: 12.7120, Test MSE: 247.4029, Test R2: 0.4172, Test CORR: 0.6898, Test R2 Pred: 0.6898, Test CORR Pred: 0.4172


exp(0.2826*sin(6.1071*x)) + 0.1312*sin(6.0536*x) + 0.2388*sin(6.1687*x) + 1.0127*sin(6.2534*x)
[0.27463311 0.29874212 0.3134172  0.27463311 0.26834381 0.25366876
 0.27463311 0.30712789 0.44654086 0.42662469 0.37316561 0.31970647
 0.29245281 0.37840667 0.24842766 0.221174   0.17819706 0.17819706
 0.15199161 0.23584904 0.28406709 0.32809225 0.41090143 0.60691822
 0.79769391 0.96855348 1.         0.84171909 0.58595389 0.42348009
 0.33752617 0.32180291 0.25366876 0.23584904 0.18867925 0.15932913
 0.13941298 0.1215933  0.1341719  0.1215933  0.1341719  0.1215933
 0.1341719  0.1215933  0.1215933  0.10901467 0.08595386 0.08595386
 0.08595386 0.07442348 0.05345911 0.06289308 0.07442348 0.07442348
 0.07442348 0.07442348 0.07442348 0.07442348 0.03249475 0.04192872
 0.03249475 0.02410901 0.00733752 0.         0.01467505 0.00733752
 0.03249475 0.01467505 0.02830188 0.02410901 0.01467505 0.01467505]
Iter: 047, Time: 249.4706 sec, Test MAE: 10.2889, Test MSE: 277.7329, Test R2: 0.3539, Test CORR: 0.7105, Test R2 Pred: 0.7105, Test CORR Pred: 0.3539


0.174*sin(0.1066*x) - 0.3452*sin(6.2284*x)
[0.29874212 0.3134172  0.27463311 0.26834381 0.25366876 0.27463311
 0.30712789 0.44654086 0.42662469 0.37316561 0.31970647 0.29245281
 0.37840667 0.24842766 0.221174   0.17819706 0.17819706 0.15199161
 0.23584904 0.28406709 0.32809225 0.41090143 0.60691822 0.79769391
 0.96855348 1.         0.84171909 0.58595389 0.42348009 0.33752617
 0.32180291 0.25366876 0.23584904 0.18867925 0.15932913 0.13941298
 0.1215933  0.1341719  0.1215933  0.1341719  0.1215933  0.1341719
 0.1215933  0.1215933  0.10901467 0.08595386 0.08595386 0.08595386
 0.07442348 0.05345911 0.06289308 0.07442348 0.07442348 0.07442348
 0.07442348 0.07442348 0.07442348 0.03249475 0.04192872 0.03249475
 0.02410901 0.00733752 0.         0.01467505 0.00733752 0.03249475
 0.01467505 0.02830188 0.02410901 0.01467505 0.01467505 0.00733752]
Iter: 048, Time: 315.2445 sec, Test MAE: 11.0235, Test MSE: 239.4233, Test R2: 0.4497, Test CORR: 0.7190, Test R2 Pred: 0.7190, Test CORR Pred: 0.4497


